Periodo;Cliente_Key;Codigo_Cliente;Cant_Alta_PF;Cant_Alta_CA;Cant_Alta_CC;Cant_Alta_PP;Cant_Alta_PQ;Cantidad_Altas_TD;Cantidad_Altas_TC;Cantidad_Bajas_TC;field12;field13;field14
"2015-12";22200;1347533;0;0;0;1;0;0;0;0;0;0;0
"2015-12";38514;22530;0;0;0;1;0;0;0;0;0;0;0
"2015-12";55531;1111902;1;0;0;0;0;0;0;0;0;0;0
"2015-12";71071;41609;0;0;0;1;0;0;0;0;0;0;0
"2015-12";86067;1296967;1;0;0;0;0;0;0;0;0;0;0
"2015-12";101524;1089661;0;0;0;2;2;0;1;0;0;0;0
"2015-12";117534;1218924;0;0;0;0;0;1;0;0;0;0;0
"2015-12";131975;1294684;0;0;0;1;0;0;0;0;0;0;0
"2015-12";147541;24108;0;0;0;0;0;0;0;0;0;0;0
"2015-12";164646;116342;0;0;0;1;0;0;0;0;0;0;0
"2015-12";180982;1128488;0;0;0;1;0;0;0;0;0;0;0
"2015-12";192669;1013330;0;0;0;1;0;0;0;0;0;0;0
"2015-12";203878;1022736;1;0;0;0;0;0;0;0;0;0;0
"2015-12";215188;79965;0;0;0;0;0;1;0;0;0;0;0
"2015-12";231549;100951;2;0;0;0;0;0;0;0;0;0;0
"2015-12";247422;116221;1;0;0;0;0;0;0;0;0;0;0
"2015-12";267080;1002540;1;0;0;0;0;0;0;0;0;0;0
"2015-12";281766;1017253;1;0;0;0;0;0;0;0;0;0;0
"2015-12";294073;1036157;1;0;0;0;0;0;0;0;0;0;0
"2015-12";306661;1051835;1;0;0;0;0;0;0;0;0;0;0
"2015-12";319072;1062590;0;0;0;0;0;0;0;0;0;0;0
"2015-12";330352;1080587;0;0;0;0;0;0;0;0;0;0;0
"2015-12";344141;1091790;1;0;0;0;0;0;0;0;0;0;0
"2015-12";364273;1117657;0;0;0;0;2;0;0;0;0;0;0
"2015-12";383554;1145840;0;0;0;2;0;0;0;0;0;0;0
"2015-12";396602;1157307;1;0;0;0;0;0;0;0;0;0;0
"2015-12";411823;1276983;0;0;0;0;0;0;0;0;0;0;0
"2015-12";427895;1296456;1;0;0;0;0;0;0;0;0;0;0
"2015-12";447734;1324927;1;0;0;0;0;0;0;0;0;0;0
"2015-12";469522;1251609;0;0;0;0;0;0;0;0;0;0;0
"2015-12";492800;1363795;0;0;0;0;0;0;0;0;0;0;0
"2015-12";531711;1414673;1;0;0;0;0;0;0;0;0;0;0
"2015-12";570128;1459746;1;0;0;0;0;0;0;0;0;0;0
"2015-12";596652;1540928;2;0;0;0;0;0;0;0;0;0;0
"2015-12";625102;1476790;0;0;0;0;0;0;0;0;0;0;0
"2015-12";660921;1403096;0;0;0;0;0;1;0;0;0;0;0
"2015-12";702425;1561961;1;0;0;0;0;0;0;0;0;0;0
"2015-12";729331;1477817;0;0;0;0;0;1;0;0;0;0;0
"2015-12";752573;1467604;1;0;0;0;0;0;0;0;0;0;0
"2015-12";776500;1550429;2;0;0;0;0;0;0;0;0;0;0
"2015-12";832979;1703953;0;0;0;1;0;0;0;0;0;0;0
"2015-12";860478;1732422;1;0;0;0;0;0;0;0;0;0;0
"2015-12";893741;1764707;0;0;0;1;0;0;0;0;0;0;0
"2015-12";920280;1791039;0;0;1;0;2;0;1;0;0;0;0
"2015-12";950192;1822156;1;0;0;0;0;0;0;0;0;0;0
"2015-12";984262;1855636;4;0;0;0;0;0;0;0;0;0;0
"2015-12";1015936;1886895;0;0;0;0;0;0;0;0;0;0;0
"2015-12";1046437;1919258;1;0;0;0;0;0;0;0;0;0;0
"2015-12";1081917;1952834;0;0;0;0;0;1;0;0;0;0;0
"2015-12";1110309;1981291;0;0;0;1;0;0;0;0;0;0;0
"2015-12";1134112;2005287;0;0;0;0;0;0;0;0;0;0;0
"2015-12";1151936;2022927;1;0;0;0;0;0;0;0;0;0;0
"2015-12";1190129;2061128;0;0;0;1;0;0;0;0;0;0;0
"2015-12";1221996;2092928;0;0;0;0;0;0;0;0;0;0;0
"2015-12";1251606;2122380;1;0;0;0;0;0;0;0;0;0;0
"2015-12";1281486;2152522;0;0;0;1;2;0;0;0;0;0;0
"2015-12";1310012;2181050;0;0;1;0;2;0;0;0;0;0;0
"2015-12";1341825;2212387;2;0;0;0;0;0;0;0;0;0;0
"2015-12";1372867;2244987;1;0;0;0;0;0;0;0;0;0;0
"2015-12";1406077;2277550;1;0;0;0;0;0;0;0;0;0;0
"2015-12";1437934;2310917;1;0;0;0;0;0;0;0;0;0;0
"2015-12";1466117;2338832;0;0;0;0;0;0;1;0;0;0;0
"2015-12";1494147;2367533;0;0;0;0;0;0;0;0;0;0;0
"2015-12";1519754;2394220;0;0;0;0;0;0;0;0;0;0;0
"2015-12";1534832;2409206;1;0;0;0;0;0;0;0;0;0;0
"2015-12";1551440;3020247;0;0;0;0;0;0;0;0;0;0;0
"2015-12";1573424;2769435;1;0;0;0;0;0;0;0;0;0;0
"2015-12";1596136;2529361;3;0;0;0;0;0;0;0;0;0;0
"2015-12";1618311;2436882;6;0;0;0;0;0;0;0;0;0;0
"2015-12";1640344;2462052;3;0;0;0;0;0;0;0;0;0;0
"2015-12";1662401;2486359;1;0;0;0;0;0;0;0;0;0;0
"2015-12";1684407;2512156;0;0;0;0;0;0;0;0;0;0;0
"2015-12";1707162;2536318;2;0;0;0;0;0;0;0;0;0;0
"2015-12";1730142;2563643;1;0;0;0;0;0;0;0;0;0;0
"2015-12";1753032;2589955;0;0;0;0;0;0;1;0;0;0;0
"2015-12";1775863;2615640;0;1;0;0;0;1;0;0;0;0;0
"2015-12";1799143;2642868;1;0;0;0;0;0;0;0;0;0;0
"2015-12";1821242;2667554;0;0;0;0;0;1;0;0;0;0;0
"2015-12";1842941;2692465;0;0;0;1;0;0;0;0;0;0;0
"2015-12";1864733;2717831;0;0;0;0;0;0;0;0;0;0;0
"2015-12";1886412;2741754;1;0;0;0;0;0;0;0;0;0;0
"2015-12";1908931;2766614;1;0;0;0;0;0;0;0;0;0;0
"2015-12";1930311;2790600;0;0;0;1;0;0;0;0;0;0;0
"2015-12";1952324;2819374;1;0;0;0;0;0;0;0;0;0;0
"2015-12";1973675;2840785;0;0;0;0;0;0;0;0;0;0;0
"2015-12";1996754;2865564;0;0;0;0;0;0;0;1;0;0;1
"2015-12";2018563;2891100;1;0;0;0;0;0;0;0;0;0;0
"2015-12";2041409;2918439;1;0;0;0;0;0;0;0;0;0;0
"2015-12";2063150;2942462;1;0;0;0;0;0;0;0;0;0;0
"2015-12";2084632;2965203;2;0;0;0;0;0;0;0;0;0;0
"2015-12";2107597;2993678;1;0;0;0;0;0;0;0;0;0;0
"2015-12";2129863;3017175;1;0;0;0;0;0;0;0;0;0;0
"2015-12";2172943;3047364;0;0;0;0;0;0;0;0;0;0;0
"2015-12";2204720;3080236;0;0;0;1;0;0;0;0;0;0;0
"2015-12";2230891;3107414;1;0;0;0;0;0;0;0;0;0;0
"2015-12";2258021;3135026;1;0;0;0;0;0;0;0;0;0;0
"2015-12";2287537;3165499;1;0;0;0;0;0;0;0;0;0;0
"2015-12";2316848;3195254;1;0;0;0;0;0;0;0;0;0;0
"2015-12";2343290;3223027;1;0;0;0;0;0;0;0;0;0;0
"2015-12";2370271;3250200;0;0;1;0;2;1;0;0;0;0;0
"2015-12";2862608;3275752;0;0;0;1;0;0;0;0;0;0;0
"2015-12";2893938;3301937;1;0;0;0;0;0;0;0;0;0;0
"2015-12";2924821;3327697;1;0;0;0;0;0;0;0;0;0;0
"2015-12";2955662;3351977;1;0;0;0;0;0;0;0;0;0;0
"2015-12";2987558;3376291;0;0;1;1;2;0;1;0;0;0;0
"2015-12";3020794;3403188;1;0;0;0;0;0;0;0;0;0;0
"2015-12";3052152;3427879;1;0;0;0;0;0;0;0;0;0;0
"2015-12";3082215;3452756;0;0;0;0;0;0;0;1;0;0;1
"2015-12";3107819;3475410;1;0;0;0;0;0;0;0;0;0;0
"2015-12";3130471;5021512;0;0;0;0;0;0;0;0;0;0;0
"2015-12";3146325;5046221;0;0;0;0;0;0;0;0;0;0;0
"2015-12";3165323;5075005;5;0;0;0;0;0;0;0;0;0;0
"2015-12";3187957;5103572;2;0;0;0;0;1;0;0;0;0;0
"2015-12";3210869;5138512;1;0;0;0;0;0;0;0;0;0;0
"2015-12";3236433;5176423;1;0;0;0;0;0;0;0;0;0;0
"2015-12";3266322;5216916;0;0;0;0;0;0;0;1;0;0;1
"2015-12";3296960;5258530;1;0;0;0;0;0;0;0;0;0;0
"2015-12";3311926;5273207;1;0;0;0;0;0;0;0;0;0;0
"2015-12";3329271;5301613;1;0;0;0;0;0;0;0;0;0;0
"2015-12";3346990;5326925;1;0;0;0;0;0;0;0;0;0;0
"2015-12";3369731;5356849;0;0;0;0;0;0;0;0;0;0;0
"2015-12";3397793;5399179;1;0;0;0;0;0;0;0;0;0;0
"2015-12";3430682;5436255;2;0;0;0;0;0;0;0;0;0;0
"2015-12";3457131;5484104;0;0;0;0;0;0;0;0;0;0;0
"2015-12";3494586;5468540;1;0;0;0;0;0;0;0;0;0;0
"2015-12";3518601;5325361;1;0;0;0;0;0;0;0;0;0;0
"2015-12";3542544;5032188;2;0;0;0;0;0;0;0;0;0;0
"2015-12";3566035;5035268;1;0;0;0;0;0;0;0;0;0;0
"2015-12";3609763;5520558;0;0;0;0;0;0;0;0;0;0;0
"2015-12";3634342;5544306;0;0;0;1;0;0;0;0;0;0;0
"2015-12";3659525;5571111;1;0;0;0;0;0;0;0;0;0;0
"2015-12";3712306;5623769;0;0;0;1;0;0;0;0;0;0;0
"2015-12";3766456;5687443;1;0;0;0;0;0;0;0;0;0;0
"2015-12";3813099;5769008;0;1;0;0;0;0;0;0;0;0;0
"2015-12";3859814;5733747;0;1;0;0;0;0;0;0;0;0;0
"2015-12";3899816;5811015;1;0;0;0;0;0;0;0;0;0;0
"2015-12";3931669;5846310;0;1;0;0;0;0;0;0;0;0;0
"2015-12";3967735;5878504;0;0;1;1;2;0;0;0;0;0;0
"2015-12";3998882;5910657;2;0;0;0;0;0;0;0;0;0;0
"2015-12";4027120;5939707;1;0;0;0;0;0;0;0;0;0;0
"2015-12";4061193;5972984;6;0;0;0;0;0;0;0;0;0;0
"2015-12";4089812;6002536;1;0;0;0;0;0;0;0;0;0;0
"2015-12";4120952;6033756;1;0;0;0;0;0;0;0;0;0;0
"2015-12";4149707;6062750;1;0;0;0;0;0;0;0;0;0;0
"2015-12";4178701;6092232;2;0;0;0;0;0;0;0;0;0;0
"2015-12";4210441;6124274;0;0;0;0;0;0;0;0;0;0;0
"2015-12";4251925;6166837;2;0;0;0;0;0;0;0;0;0;0
"2015-12";4299681;6234142;0;0;0;0;0;0;1;0;0;0;0
"2015-12";4429243;6408675;0;0;0;0;0;0;0;2;0;0;2
"2015-12";4519579;6544570;1;0;0;0;0;0;0;0;0;0;0
"2015-12";4548996;6576753;0;0;0;2;0;0;0;0;0;0;0
"2015-12";4682827;6597126;0;0;0;0;0;0;0;0;0;0;0
"2015-12";4733272;6631200;0;1;0;0;0;0;0;0;0;0;0
"2015-12";4773756;500034232;2;0;0;0;0;0;0;0;0;0;0
"2015-12";4818293;500070800;2;0;0;0;0;0;0;0;0;0;0
"2015-12";4844926;500104910;0;0;0;1;0;0;0;0;0;0;0
"2015-12";4867409;500102267;1;0;0;0;0;0;0;0;0;0;0
"2015-12";4887545;500134963;0;0;0;1;0;0;0;0;0;0;0
"2015-12";4911437;500129627;0;0;0;1;0;0;0;0;0;0;0
"2015-12";5016347;500257426;1;0;0;0;0;0;0;0;0;0;0
"2015-12";5060508;500270508;0;0;0;1;0;0;0;0;0;0;0
"2015-12";5100906;500358356;0;0;0;1;0;0;0;0;0;0;0
"2015-12";5138413;500396708;1;0;0;0;0;0;0;0;0;0;0
"2015-12";5182868;500426624;0;0;0;0;0;0;0;0;0;0;0
"2015-12";5250820;500500397;0;0;0;1;0;0;0;0;0;0;0
"2015-12";5310185;6653916;0;0;0;0;0;1;0;0;0;0;0
"2015-12";5353898;6693755;0;0;0;0;0;0;0;0;0;0;0
"2015-12";5385428;6721154;0;0;0;0;0;0;0;0;0;0;0
"2015-12";5417480;6749170;1;0;0;0;0;0;0;0;0;0;0
"2015-12";5462760;6789849;0;0;0;0;0;0;0;0;0;0;0
"2015-12";5493815;6818453;0;0;0;0;0;0;0;0;0;0;0
"2015-12";5524183;6845017;0;1;0;0;0;1;0;0;0;0;0
"2015-12";5555860;6874193;1;0;0;0;0;0;0;0;0;0;0
"2015-12";5584749;6899091;2;0;0;0;0;0;0;0;0;0;0
"2015-12";5613081;6922938;1;0;0;0;0;0;0;0;0;0;0
"2015-12";5640455;6947500;2;0;0;0;0;0;0;0;0;0;0
"2015-12";5669351;6975729;1;0;0;0;0;0;0;0;0;0;0
"2015-12";5701083;7003452;0;1;1;0;2;1;0;0;0;0;0
"2015-12";5731891;7022374;1;0;0;0;0;0;0;0;0;0;0
"2015-12";5776301;7063650;1;0;0;0;0;0;0;0;0;0;0
"2015-12";5841261;7090951;1;0;0;0;0;0;0;0;0;0;0
"2015-12";5872479;7120646;0;0;0;0;0;0;0;0;0;0;0
"2015-12";5904004;7146271;0;0;0;0;0;0;0;0;0;0;0
"2015-12";5965180;7205535;0;0;0;0;0;0;0;1;0;0;1
"2015-12";5998245;7233121;1;0;0;0;0;0;0;0;0;0;0
"2015-12";6027706;7260612;0;0;0;0;0;0;0;0;0;0;0
"2015-12";6057908;7286742;0;0;0;0;0;0;0;0;0;0;0
"2015-12";6092550;7317397;0;0;0;0;0;0;0;0;0;0;0
"2015-12";6126390;7346257;0;0;0;0;0;0;0;0;0;0;0
"2015-12";6164715;500683425;0;0;0;0;0;0;0;0;0;0;0
"2015-12";6198820;7410631;0;1;0;0;0;0;0;0;0;0;0
"2015-12";6233023;7440485;0;0;0;0;0;0;0;1;0;0;1
"2015-12";6268454;7472120;0;0;0;1;0;0;0;0;0;0;0
"2015-12";6303034;7502944;0;0;0;0;2;0;1;0;0;0;0
"2015-12";6336065;7530688;1;0;0;0;0;0;0;0;0;0;0
"2015-12";6371957;7564951;0;0;0;0;0;0;0;1;0;0;1
"2015-12";6404840;500709862;0;0;0;0;0;0;0;0;0;0;0
"2015-12";6440438;7623986;0;0;0;0;0;0;0;0;0;0;0
"2015-12";6485321;7661812;0;0;0;1;0;0;0;0;0;0;0
"2015-12";6524582;7694331;0;0;0;0;0;0;0;0;0;0;0
"2015-12";6560333;7726778;1;0;0;0;0;0;0;0;0;0;0
"2015-12";6593970;7754890;0;0;0;1;0;0;0;0;0;0;0
"2015-12";6628927;7786566;0;0;0;0;0;0;1;0;0;0;0
"2015-12";6663893;7818511;0;0;0;0;0;1;1;0;0;0;0
"2015-12";6698414;7848324;0;0;0;0;0;0;0;0;0;0;0
"2015-12";6734200;7876613;0;0;0;0;0;1;0;0;0;0;0
"2015-12";6764926;7904938;0;0;1;0;2;0;1;0;0;0;0
"2015-12";6801228;7937472;0;0;0;0;0;0;0;0;0;0;0
"2015-12";6834582;7966311;0;0;0;1;0;0;0;0;0;0;0
"2015-12";6866885;7994231;1;0;0;0;0;0;0;0;0;0;0
"2015-12";6902842;8025623;0;0;1;0;2;0;0;0;0;0;0
"2015-12";6939870;8059223;1;0;0;0;0;0;0;0;0;0;0
"2015-12";6972183;8088126;0;0;0;0;0;0;1;0;0;0;0
"2015-12";6999493;8113019;0;1;0;0;0;0;0;0;0;0;0
"2015-12";7038279;8147563;1;0;0;0;0;0;0;0;0;0;0
"2015-12";7084559;8176748;0;0;0;0;0;0;0;0;0;0;0
"2015-12";7173548;8293382;0;0;0;0;0;1;0;0;0;0;0
"2015-12";7220299;8319323;0;0;1;1;2;0;1;0;0;0;0
"2015-12";7262884;8354976;0;1;0;0;0;1;0;0;0;0;0
"2015-12";7305131;8393911;0;1;0;0;0;0;0;0;0;0;0
"2015-12";7348799;8433624;1;0;0;0;0;0;0;0;0;0;0
"2015-12";7381907;8464207;1;0;0;0;0;0;0;0;0;0;0
"2015-12";7417367;8497203;0;1;0;0;0;0;0;0;0;0;0
"2015-12";7445627;8517919;0;0;0;0;0;0;0;0;0;0;0
"2015-12";7453866;8529158;0;0;0;0;0;1;0;0;0;0;0
"2015-12";7464105;8541232;0;0;0;0;0;0;0;0;0;0;0
"2015-12";7465526;8539438;0;0;0;0;0;0;0;0;0;0;0
"2015-12";7467002;8538722;0;0;0;0;0;0;0;0;0;0;0
"2015-12";7470973;8544883;0;0;0;0;0;0;0;0;0;0;0
"2015-12";7474691;8549507;0;0;0;0;0;0;0;0;0;0;0
"2015-12";7476194;8549660;0;0;0;0;0;0;0;0;0;0;0
"2015-12";7477529;8552877;0;0;0;0;0;0;0;0;0;0;0
"2015-12";7478723;8550024;0;0;0;0;0;0;0;0;0;0;0
"2015-12";7479918;8551364;0;0;0;0;0;0;0;0;0;0;0
"2015-12";7482817;8555525;0;0;0;0;0;0;0;0;0;0;0
"2015-12";7485176;8558420;0;0;1;0;2;0;0;0;0;0;0
"2015-12";7487143;8561160;0;0;0;0;0;0;0;0;0;0;0
"2015-12";7488628;8560255;0;0;0;0;0;0;0;0;0;0;0
"2015-12";7490910;500826721;0;1;1;0;0;0;0;0;0;0;0
"2015-12";7494148;8565583;0;1;0;0;0;1;0;0;0;0;0
"2015-12";7495646;8567053;0;1;0;0;0;1;0;0;0;0;0
"2015-12";7497054;8569991;0;0;0;0;0;0;1;0;0;0;0
"2015-12";7498231;8569333;0;0;0;0;0;0;1;0;0;0;0
"2015-12";7499664;8570695;0;1;0;0;0;1;0;0;0;0;0
"2015-12";7501472;8573168;0;1;0;0;0;1;0;0;0;0;0
"2015-12";7502783;8573443;0;1;0;0;0;1;0;0;0;0;0
"2015-12";7504261;8574609;0;1;0;0;0;1;0;0;0;0;0
"2015-12";7506060;8576484;0;2;0;0;0;1;0;0;0;0;0
"2015-12";7507802;500828549;0;1;0;0;0;0;0;0;0;0;0
"2015-12";7509068;8578649;0;0;0;0;0;0;1;0;0;0;0
"2015-12";7510219;8578560;0;1;0;0;0;0;0;0;0;0;0
"2015-12";7511450;8581009;0;1;0;0;0;0;0;0;0;0;0
"2015-12";7512608;8582129;0;1;0;0;0;0;0;0;0;0;0
"2015-12";7513834;8583928;0;0;0;0;0;0;2;0;0;0;0
"2015-12";7515572;8584320;0;1;0;0;0;1;0;0;0;0;0
"2015-12";7517361;8586207;0;0;0;0;0;0;1;0;0;0;0
"2015-12";7519104;8587292;0;1;1;1;2;1;0;0;0;0;0
"2015-12";7520617;8589236;0;0;0;0;0;0;1;0;0;0;0
"2015-12";7522624;8591312;0;1;0;0;0;1;0;0;0;0;0
