Periodo;Cliente_Key;Codigo_Cliente;Canc_CC_Voluntarios;Canc_CC_Involuntarios;Canc_CA_Voluntarios;Canc_CA_Involuntarios;Canc_Paq_Voluntarios;Canc_Paq_Involuntarios
"2015-12";24944;1345122;0;0;0;1;0;0
"2015-12";43536;1335514;0;0;0;1;0;0
"2015-12";67340;1312592;0;0;0;1;0;0
"2015-12";90462;1134432;0;0;0;1;0;0
"2015-12";117684;1222188;0;0;0;1;0;0
"2015-12";140134;71397;0;0;0;1;0;0
"2015-12";163880;1052335;0;0;1;0;0;0
"2015-12";191957;66371;0;0;0;1;0;0
"2015-12";215503;85331;0;0;0;1;0;0
"2015-12";237507;1067636;1;0;1;0;2;0
"2015-12";260721;132843;0;0;1;0;0;0
"2015-12";285230;1021623;0;1;0;0;0;2
"2015-12";312333;1054629;0;0;1;0;0;0
"2015-12";337174;1088536;0;0;0;1;0;0
"2015-12";357582;1209401;0;0;1;0;0;0
"2015-12";375901;1238528;1;0;2;0;3;0
"2015-12";403081;1266651;0;0;0;1;0;0
"2015-12";425906;1298372;0;0;0;1;0;0
"2015-12";441956;1312650;0;0;0;1;0;0
"2015-12";461099;1242093;0;0;1;0;0;0
"2015-12";478837;1262648;0;0;0;1;0;0
"2015-12";498396;1368991;0;0;0;1;0;0
"2015-12";589650;1486923;1;0;0;0;0;2
"2015-12";661844;1392469;0;0;0;1;0;0
"2015-12";740652;1428367;1;0;0;0;2;0
"2015-12";836228;1706969;0;0;0;1;0;0
"2015-12";862247;1733338;0;0;1;0;0;0
"2015-12";900962;1771541;0;1;0;0;0;2
"2015-12";926065;1796885;0;0;1;0;0;0
"2015-12";960759;1831622;1;0;0;0;0;2
"2015-12";989495;1860922;0;0;0;1;0;0
"2015-12";1012238;1883088;0;0;1;0;0;0
"2015-12";1034777;1905841;0;0;0;1;0;0
"2015-12";1064988;1936107;0;0;0;1;0;0
"2015-12";1089924;1961037;0;0;0;1;0;0
"2015-12";1114087;1985064;0;0;0;1;0;0
"2015-12";1137615;2008597;0;0;0;1;0;0
"2015-12";1167007;2038006;0;0;0;1;0;0
"2015-12";1221345;2092382;0;0;0;1;0;0
"2015-12";1249621;2120538;0;0;1;0;0;0
"2015-12";1285134;2156170;0;0;0;1;0;0
"2015-12";1317837;2188876;0;0;1;0;0;0
"2015-12";1353644;2224777;0;1;0;0;0;2
"2015-12";1384467;2255702;0;0;1;0;0;0
"2015-12";1408602;2280446;0;0;1;0;0;0
"2015-12";1440848;2313428;0;0;0;1;0;0
"2015-12";1455260;2328046;0;0;0;1;0;0
"2015-12";1478409;2351109;0;0;0;1;0;0
"2015-12";1506031;2378905;0;0;0;1;0;0
"2015-12";1532272;2404388;0;0;0;1;0;0
"2015-12";1559901;2925019;0;0;0;1;0;0
"2015-12";1596571;2522869;0;0;0;1;0;0
"2015-12";1629434;2449319;0;1;0;0;0;2
"2015-12";1664113;2487645;0;0;0;1;0;0
"2015-12";1691237;2520362;0;1;1;0;0;2
"2015-12";1729198;2562075;0;1;0;0;0;2
"2015-12";1767437;2606583;0;0;0;0;3;0
"2015-12";1802422;2646916;0;0;0;1;0;0
"2015-12";1840338;2689888;0;0;0;1;0;0
"2015-12";1875684;2731464;1;0;0;0;0;0
"2015-12";1914616;2773333;0;0;1;0;0;0
"2015-12";1946159;2809319;0;0;0;1;0;0
"2015-12";1978780;2845380;0;1;0;0;0;2
"2015-12";2019595;2892593;1;0;1;0;2;0
"2015-12";2059109;2936876;1;0;2;0;3;0
"2015-12";2091571;2974147;0;0;0;1;0;0
"2015-12";2127559;3014968;0;0;0;1;0;0
"2015-12";2171745;3046725;0;0;0;1;0;0
"2015-12";2189675;3064068;0;0;0;1;0;0
"2015-12";2218011;3093847;0;0;0;1;0;0
"2015-12";2245192;3122044;0;0;0;1;0;0
"2015-12";2271142;3148970;1;0;0;0;2;0
"2015-12";2298101;3176183;0;0;0;1;0;0
"2015-12";2320390;3199194;0;0;0;1;0;0
"2015-12";2340257;3219211;0;0;1;0;0;0
"2015-12";2358887;3238087;0;0;0;1;0;0
"2015-12";2381813;3261656;0;0;0;1;0;0
"2015-12";2872707;3284856;0;1;0;0;0;2
"2015-12";2905000;3311489;0;0;0;1;0;0
"2015-12";2939197;3339343;0;0;0;1;0;0
"2015-12";2967213;3361643;0;0;0;1;0;0
"2015-12";2992909;3380358;0;0;0;1;0;0
"2015-12";3021070;3403279;0;0;1;0;0;0
"2015-12";3048148;3423790;1;0;0;0;2;0
"2015-12";3077081;3448220;0;0;0;1;0;0
"2015-12";3110415;3477408;0;0;0;1;0;0
"2015-12";3159370;5062214;0;1;0;0;0;2
"2015-12";3195502;5110510;0;1;0;0;0;2
"2015-12";3228383;5155505;0;0;1;0;0;0
"2015-12";3257864;5200388;1;0;0;0;2;0
"2015-12";3289019;5246437;0;0;0;1;0;0
"2015-12";3338467;5314627;0;0;1;0;0;0
"2015-12";3392951;5390268;0;0;1;0;0;0
"2015-12";3442404;5468007;1;0;1;0;0;2
"2015-12";3486649;5032787;0;0;1;0;0;0
"2015-12";3525791;5330390;0;0;1;0;0;0
"2015-12";3571395;5112594;0;1;0;0;4;0
"2015-12";3622610;5533462;0;1;0;0;0;2
"2015-12";3645813;5557136;0;0;0;1;0;0
"2015-12";3672242;5584737;0;0;0;1;0;0
"2015-12";3712333;5624301;0;0;0;1;0;0
"2015-12";3731406;5645400;0;0;0;1;0;0
"2015-12";3744468;5660025;0;0;0;1;0;0
"2015-12";3758892;5681795;0;0;1;0;0;0
"2015-12";3765483;5685568;0;1;0;0;0;2
"2015-12";3777339;5675389;0;0;0;1;0;0
"2015-12";3788643;5707969;0;0;0;1;0;0
"2015-12";3794143;5719951;0;0;0;1;0;0
"2015-12";3809375;5758980;0;0;1;0;0;0
"2015-12";3817605;5697365;0;0;1;0;0;0
"2015-12";3826510;5720719;0;0;1;0;0;0
"2015-12";3839244;5749664;0;0;0;1;0;0
"2015-12";3850173;5761423;0;0;0;1;0;0
"2015-12";3861654;5774526;0;0;0;1;0;0
"2015-12";3867297;5782524;0;0;0;1;0;0
"2015-12";3873205;5784824;0;0;1;0;0;0
"2015-12";3883607;5797071;0;0;0;1;0;0
"2015-12";3898041;5809207;0;0;0;1;0;0
"2015-12";3905729;5830167;0;0;0;1;0;0
"2015-12";3910539;5819766;0;0;0;1;0;0
"2015-12";3918595;5820288;0;0;1;0;0;0
"2015-12";3934050;5853558;0;0;0;1;0;0
"2015-12";3942265;5855318;0;0;0;1;0;0
"2015-12";3955947;5868871;0;0;0;1;0;0
"2015-12";3963346;5874618;0;0;0;1;0;0
"2015-12";3982104;5894074;0;1;0;0;0;2
"2015-12";3996119;5908706;0;0;0;0;0;2
"2015-12";4012717;5922505;0;0;0;1;0;0
"2015-12";4032505;5944831;1;0;0;0;2;0
"2015-12";4047058;5958707;0;0;1;0;0;0
"2015-12";4066064;5978452;0;0;0;1;0;0
"2015-12";4075798;5987258;0;0;0;1;0;0
"2015-12";4096408;6010573;0;0;1;0;0;0
"2015-12";4113467;6026669;1;0;0;1;2;0
"2015-12";4132429;6046274;0;0;0;1;0;0
"2015-12";4151376;6064689;0;0;0;1;0;0
"2015-12";4175517;6089229;0;1;0;0;0;2
"2015-12";4184648;6097912;0;0;0;1;0;0
"2015-12";4203241;6116569;0;0;0;1;0;0
"2015-12";4238412;6152507;0;1;0;0;0;2
"2015-12";4254364;6168149;0;0;1;0;0;0
"2015-12";4274975;6193233;0;0;0;1;0;0
"2015-12";4481971;6482070;0;0;0;1;0;0
"2015-12";4519158;6546272;0;0;1;0;0;0
"2015-12";4540975;6568749;0;0;1;0;0;0
"2015-12";4555909;6584826;0;0;0;1;0;0
"2015-12";4707769;6605920;0;1;0;0;0;2
"2015-12";4723154;6620851;0;0;0;0;0;2
"2015-12";4738189;6636914;0;0;1;0;0;0
"2015-12";5319535;6662750;0;0;0;1;0;0
"2015-12";5339786;6682292;1;0;0;1;2;0
"2015-12";5360258;6698456;0;0;0;1;0;0
"2015-12";5373768;6710239;0;0;0;1;0;0
"2015-12";5398650;6735261;0;0;0;1;0;0
"2015-12";5401504;6734323;0;0;0;1;0;0
"2015-12";5418354;6750343;0;0;0;1;0;0
"2015-12";5451221;6781105;0;0;0;1;0;0
"2015-12";5472588;6798396;0;0;0;0;0;2
"2015-12";5483995;6808616;0;0;0;1;0;0
"2015-12";5508468;6830721;0;0;0;0;2;0
"2015-12";5525860;6847153;0;0;1;0;0;0
"2015-12";5544856;6863408;0;0;0;1;0;0
"2015-12";5564320;6880893;0;0;1;0;0;0
"2015-12";5577654;6892780;0;0;0;1;0;0
"2015-12";5600952;6913352;0;0;1;0;0;0
"2015-12";5618766;6929602;0;1;0;0;0;2
"2015-12";5638543;6944830;0;0;0;1;0;0
"2015-12";5665985;6972897;0;0;0;1;0;0
"2015-12";5699679;7012565;0;0;1;0;0;0
"2015-12";5731846;7025657;0;0;0;1;0;0
"2015-12";5780060;7084369;0;0;1;0;0;0
"2015-12";5859912;7110043;0;0;0;1;0;0
"2015-12";5879137;7125696;0;1;1;0;0;2
"2015-12";5893729;7138680;0;0;0;1;0;0
"2015-12";5957961;7199172;0;0;1;0;0;0
"2015-12";5976375;7214788;0;0;1;0;0;0
"2015-12";5996264;7233527;1;0;0;0;2;0
"2015-12";6017882;7252550;0;0;1;0;0;0
"2015-12";6046577;7275318;0;1;1;0;2;0
"2015-12";6067739;7294234;0;0;0;1;0;0
"2015-12";6086244;7309871;0;0;0;1;0;0
"2015-12";6111872;7333941;0;0;0;1;0;0
"2015-12";6131923;7349700;0;0;0;1;0;0
"2015-12";6148482;7366246;0;0;0;1;0;0
"2015-12";6170555;7385179;0;0;1;0;0;0
"2015-12";6190955;7402799;0;0;0;1;0;0
"2015-12";6210142;7419962;1;0;0;0;2;0
"2015-12";6225245;7433507;0;0;0;1;0;0
"2015-12";6246832;7454030;0;0;0;1;0;0
"2015-12";6254454;7459092;0;0;0;1;0;0
"2015-12";6273336;7476635;0;1;0;0;0;2
"2015-12";6289724;7491454;0;0;0;1;0;0
"2015-12";6316626;7516382;0;0;0;1;0;0
"2015-12";6339877;7535113;0;0;0;1;0;0
"2015-12";6363941;7557134;0;0;0;1;0;0
"2015-12";6372774;7564863;0;0;0;1;0;0
"2015-12";6395969;7586998;0;0;0;1;0;0
"2015-12";6405581;7594226;0;0;0;1;0;0
"2015-12";6426266;7613136;0;0;0;1;0;0
"2015-12";6441101;7623081;0;1;0;0;0;2
"2015-12";6449802;7632424;0;0;0;1;0;0
"2015-12";6453637;7641638;0;0;0;1;0;0
"2015-12";6455536;7644479;0;0;0;1;0;0
"2015-12";6457748;7644572;0;0;1;0;0;0
"2015-12";6459575;7643086;0;0;0;1;0;0
"2015-12";6461525;7645803;0;0;0;1;0;0
"2015-12";6463338;7648077;0;0;1;0;0;0
"2015-12";6465885;7650362;0;0;1;0;0;0
"2015-12";6479136;7654512;0;0;0;1;0;0
"2015-12";6495908;7670316;0;0;0;1;0;0
"2015-12";6501980;7677249;0;0;0;1;0;0
"2015-12";6503736;7677490;0;0;0;1;0;0
"2015-12";6506105;7680261;0;0;0;1;0;0
"2015-12";6508206;7679299;0;0;0;1;0;0
"2015-12";6519840;7691068;0;0;1;0;0;0
"2015-12";6532311;7702561;0;0;1;0;0;0
"2015-12";6542902;7713179;0;0;0;1;0;0
"2015-12";6545927;7715342;0;0;0;1;0;0
"2015-12";6553709;7720935;0;0;0;1;0;0
"2015-12";6573219;7737692;0;0;0;1;0;0
"2015-12";6579233;7742466;0;0;0;1;0;0
"2015-12";6583440;7746991;0;0;0;1;0;0
"2015-12";6602647;7762838;0;0;0;1;0;0
"2015-12";6608734;7769184;0;0;0;1;0;0
"2015-12";6613757;7772951;1;0;0;0;0;2
"2015-12";6630793;7787602;0;0;1;0;0;0
"2015-12";6636746;7793373;0;0;0;1;0;0
"2015-12";6657865;7810704;0;0;1;0;0;0
"2015-12";6665087;7818209;0;0;0;1;0;0
"2015-12";6667237;7819197;0;0;0;1;0;0
"2015-12";6687301;7838835;0;0;1;0;0;0
"2015-12";6695845;7846768;0;0;0;1;0;0
"2015-12";6700346;7849578;0;0;0;1;0;0
"2015-12";6708728;7856842;0;0;1;0;0;0
"2015-12";6715628;7862943;0;0;1;0;0;0
"2015-12";6741680;7883943;0;0;1;0;0;0
"2015-12";6743795;7885953;0;0;0;1;0;0
"2015-12";6753821;7894630;0;0;0;1;0;0
"2015-12";6772901;7911407;0;0;1;0;0;0
"2015-12";6791508;7929659;0;0;0;1;0;0
"2015-12";6810775;7945572;0;0;1;0;0;0
"2015-12";6824788;7957726;0;0;0;1;0;0
"2015-12";6835489;7967275;0;0;0;1;0;0
"2015-12";6854347;7982297;0;0;0;1;0;0
"2015-12";6872272;7998375;0;0;1;0;0;0
"2015-12";6893731;8019333;0;0;1;0;0;0
"2015-12";6912143;8033948;0;0;0;1;0;0
"2015-12";6918349;8040119;0;0;0;1;0;0
"2015-12";6942771;8061475;0;0;0;1;0;0
"2015-12";6972796;8088890;0;0;0;2;0;0
"2015-12";6985994;8100135;0;0;0;1;0;0
"2015-12";6999933;8112251;0;0;1;0;0;0
"2015-12";7021409;8131373;0;0;0;1;0;0
"2015-12";7022943;8133293;0;0;0;1;0;0
"2015-12";7029463;8136735;0;0;0;1;0;0
"2015-12";7043628;8151878;0;0;0;1;0;0
"2015-12";7087912;8180896;0;0;0;1;0;0
"2015-12";7157750;8257082;0;0;0;1;0;0
"2015-12";7197498;8295795;0;0;0;1;0;0
"2015-12";7209183;8305650;0;0;0;1;0;0
"2015-12";7218106;8313515;0;0;0;1;0;0
"2015-12";7246949;8340283;0;0;0;1;0;0
"2015-12";7273674;8364620;0;0;0;1;0;0
"2015-12";7300660;8389863;0;0;1;0;0;0
"2015-12";7334456;8421376;1;0;1;0;0;0
"2015-12";7351911;8435901;0;0;0;1;0;0
"2015-12";7376198;8459876;0;0;0;1;0;0
"2015-12";7399343;8480167;0;0;0;1;0;0
"2015-12";7422215;8499594;0;0;0;1;0;0
"2015-12";7434570;8511112;0;0;1;0;0;0
"2015-12";7449539;8525165;0;0;0;1;0;0
"2015-12";7469012;8542814;0;0;0;1;0;0
"2015-12";7486006;8557086;0;0;0;1;0;0
"2015-12";7515386;8584426;0;0;1;0;0;0
