Periodo;Cliente_Key;Codigo_Cliente;Cant_Email;Ultima_Verificacion_Email;Antiguedad_verificada_Email
"2015-12";25619;56747;1;;0
"2015-12";43652;1330368;0;;0
"2015-12";62698;1037585;0;;0
"2015-12";81229;1305321;0;;0
"2015-12";99127;43878;1;;0
"2015-12";115187;1272937;0;;0
"2015-12";132531;80649;0;;0
"2015-12";152093;104704;0;;0
"2015-12";172031;44491;2;;0
"2015-12";191553;1008409;0;;0
"2015-12";206267;77896;1;;0
"2015-12";222074;1044970;0;;0
"2015-12";241550;1072728;0;;0
"2015-12";261977;138766;0;;0
"2015-12";283473;1019203;0;;0
"2015-12";298105;1037424;0;;0
"2015-12";312340;1054636;0;;0
"2015-12";327059;1176482;0;;0
"2015-12";341481;1194522;0;;0
"2015-12";362435;1120452;0;;0
"2015-12";382267;1139803;1;"25092013";864
"2015-12";396638;1157344;0;;0
"2015-12";411967;1281491;0;;0
"2015-12";427581;1300074;2;;0
"2015-12";448306;1225303;0;;0
"2015-12";469852;1247565;0;;0
"2015-12";494942;1366124;0;;0
"2015-12";527334;1627540;0;;0
"2015-12";560473;1612069;1;"8052015";274
"2015-12";593823;1513641;1;;0
"2015-12";629497;1592353;0;;0
"2015-12";661344;1395204;1;"10092015";149
"2015-12";695649;1572795;0;;0
"2015-12";730161;1392960;1;"4092012";1250
"2015-12";763201;1504875;1;;0
"2015-12";798141;1621388;0;;0
"2015-12";834476;1705273;0;;0
"2015-12";863305;1734268;0;;0
"2015-12";891390;1761803;0;;0
"2015-12";917750;1788931;1;;0
"2015-12";946118;1817126;0;;0
"2015-12";977397;1848844;1;"15012014";752
"2015-12";1006434;1876923;0;;0
"2015-12";1033515;1904222;1;"4082015";186
"2015-12";1057397;1927397;0;;0
"2015-12";1082472;1953437;0;;0
"2015-12";1108799;1979780;0;;0
"2015-12";1137655;2008637;0;;0
"2015-12";1171125;2042124;0;;0
"2015-12";1210376;2081396;0;;0
"2015-12";1236900;2108066;0;;0
"2015-12";1261458;2132458;1;"25042013";1017
"2015-12";1290294;2161431;0;;0
"2015-12";1313547;2184592;0;;0
"2015-12";1337389;2208429;0;;0
"2015-12";1359180;2230778;1;"10112010";1914
"2015-12";1381797;2253761;0;;0
"2015-12";1407517;2279691;1;"29062012";1317
"2015-12";1432736;2305242;2;;0
"2015-12";1454951;2328010;1;"1112012";1192
"2015-12";1478232;2351775;0;;0
"2015-12";1502911;2376951;0;;0
"2015-12";1527297;2401990;0;;0
"2015-12";1545421;2420337;0;;0
"2015-12";1575522;2746073;0;;0
"2015-12";1604188;2445988;0;;0
"2015-12";1633071;2452386;1;;0
"2015-12";1661983;2484777;1;;0
"2015-12";1690720;2518569;0;;0
"2015-12";1719315;2551443;2;;0
"2015-12";1747830;2585398;1;"21052013";991
"2015-12";1776776;2617583;1;"13112015";85
"2015-12";1805232;2649657;0;;0
"2015-12";1834301;2684938;0;;0
"2015-12";1863219;2716168;1;"6102014";488
"2015-12";1891935;2750363;1;;0
"2015-12";1920447;2780497;1;"21042015";291
"2015-12";1949668;2812675;0;;0
"2015-12";1979125;2846815;0;;0
"2015-12";2007997;2878331;1;;0
"2015-12";2036955;2911717;0;;0
"2015-12";2065559;2944561;0;;0
"2015-12";2094250;2977208;1;"25112009";2264
"2015-12";2123166;3011307;0;;0
"2015-12";2169065;3044525;0;;0
"2015-12";2197484;3073065;0;;0
"2015-12";2223906;3099469;0;;0
"2015-12";2250853;3127298;0;;0
"2015-12";2277368;3155708;1;"7042014";670
"2015-12";2304403;3182248;1;;0
"2015-12";2331938;3210526;0;;0
"2015-12";2358012;3237352;0;;0
"2015-12";2381455;3261193;0;;0
"2015-12";2873746;3285245;1;"29022012";1438
"2015-12";2906718;3312330;1;"5022013";1096
"2015-12";2941056;3340378;1;"27032014";681
"2015-12";2979172;3226004;0;;0
"2015-12";3011324;3395098;0;;0
"2015-12";3043939;3421300;0;;0
"2015-12";3073520;3445782;0;;0
"2015-12";3099785;3468140;0;;0
"2015-12";3127582;5021706;1;;0
"2015-12";3151009;5044676;0;;0
"2015-12";3174397;5084084;1;;0
"2015-12";3196310;5119758;1;"14072014";572
"2015-12";3217835;5148029;0;;0
"2015-12";3239418;5177682;2;"9032015";334
"2015-12";3261039;5209336;0;;0
"2015-12";3283677;5240543;0;;0
"2015-12";3309339;5274585;0;;0
"2015-12";3333476;5306556;0;;0
"2015-12";3361012;5340151;0;;0
"2015-12";3389041;5380360;1;;0
"2015-12";3416961;5421053;0;;0
"2015-12";3445670;5478080;0;;0
"2015-12";3472029;5514710;0;;0
"2015-12";3508633;5249607;0;;0
"2015-12";3534628;5425077;1;"23122015";45
"2015-12";3559989;5410679;0;;0
"2015-12";3585558;5352900;1;"21072014";565
"2015-12";3629719;5540363;1;;0
"2015-12";3652265;5562762;1;"26092014";498
"2015-12";3669690;5581301;1;;0
"2015-12";3683454;5603623;0;;0
"2015-12";3703399;5613556;0;;0
"2015-12";3737836;5656339;0;;0
"2015-12";3766955;5687145;0;;0
"2015-12";3795767;5726960;0;;0
"2015-12";3823953;5714556;0;;0
"2015-12";3851032;5705506;0;;0
"2015-12";3872684;5787305;0;;0
"2015-12";3893562;5804506;0;;0
"2015-12";3911093;5821609;0;;0
"2015-12";3930505;5842148;0;;0
"2015-12";3946850;5858930;1;;0
"2015-12";3968112;5878824;0;;0
"2015-12";3991344;5903563;0;;0
"2015-12";4014386;5925783;0;;0
"2015-12";4038646;5951625;0;;0
"2015-12";4060360;5972524;0;;0
"2015-12";4082501;5995605;1;;0
"2015-12";4105788;6018634;0;;0
"2015-12";4129834;6042522;2;"30082013";890
"2015-12";4153778;6066240;0;;0
"2015-12";4179450;6092680;0;;0
"2015-12";4202620;6116447;1;;0
"2015-12";4241419;6157895;0;;0
"2015-12";4265803;6180450;0;;0
"2015-12";4296055;6216769;1;"12022015";359
"2015-12";4329761;6262537;1;;0
"2015-12";4360908;6307298;0;;0
"2015-12";4396129;6346030;0;;0
"2015-12";4429521;6410700;1;"19032014";689
"2015-12";4462438;6465474;0;;0
"2015-12";4498038;6505409;0;;0
"2015-12";4523822;6550268;1;"30122013";768
"2015-12";4547577;6575852;1;;0
"2015-12";4617230;6521912;0;;0
"2015-12";4714532;6611725;2;;0
"2015-12";4739641;6637826;0;;0
"2015-12";5330002;6670248;0;;0
"2015-12";5356107;6695478;2;"27052011";1716
"2015-12";5381760;6717598;0;;0
"2015-12";5406513;6739689;0;;0
"2015-12";5447412;6777111;0;;0
"2015-12";5471620;6799152;1;"5082013";915
"2015-12";5496058;6820624;1;;0
"2015-12";5521439;6842507;0;;0
"2015-12";5546477;6862835;0;;0
"2015-12";5572401;6889476;1;"6122011";1523
"2015-12";5595571;6908524;1;;0
"2015-12";5620866;6931159;0;;0
"2015-12";5646477;6954129;0;;0
"2015-12";5670369;6977141;0;;0
"2015-12";5690557;6986521;0;;0
"2015-12";5707198;7014641;0;;0
"2015-12";5722212;7006047;0;;0
"2015-12";5737310;7004622;0;;0
"2015-12";5765297;7078567;0;;0
"2015-12";5854821;7100360;0;;0
"2015-12";5876844;7123664;0;;0
"2015-12";5902542;7147166;0;;0
"2015-12";5960492;7200767;0;;0
"2015-12";5987309;7225859;0;;0
"2015-12";6010547;7245048;0;;0
"2015-12";6035042;7267179;1;"6082012";1279
"2015-12";6060263;7289083;0;;0
"2015-12";6087345;7311220;0;;0
"2015-12";6111839;7332245;0;;0
"2015-12";6137372;7357940;0;;0
"2015-12";6156006;7372298;1;"14012013";1118
"2015-12";6180777;7392305;0;;0
"2015-12";6204692;7416088;0;;0
"2015-12";6227619;7436674;0;;0
"2015-12";6249453;7455536;0;;0
"2015-12";6267557;7471694;0;;0
"2015-12";6288790;7490940;0;;0
"2015-12";6309328;7508392;0;;0
"2015-12";6331056;7527531;0;;0
"2015-12";6351887;7545311;1;"28062013";953
"2015-12";6370259;7563368;0;;0
"2015-12";6392520;7582667;0;;0
"2015-12";6412576;7599564;0;;0
"2015-12";6431203;7616468;1;"2122015";66
"2015-12";6450617;7632758;1;"20102015";109
"2015-12";6463170;7639622;0;;0
"2015-12";6486778;7659991;0;;0
"2015-12";6505083;7679006;1;"24102013";835
"2015-12";6527675;7697995;0;;0
"2015-12";6546565;7715886;0;;0
"2015-12";6567679;7733576;0;;0
"2015-12";6591012;7752623;1;"5022014";731
"2015-12";6611059;7769933;0;;0
"2015-12";6632167;7788601;0;;0
"2015-12";6651220;7808333;0;;0
"2015-12";6666664;7820622;0;;0
"2015-12";6687562;7838285;0;;0
"2015-12";6703873;7852693;1;"16042014";661
"2015-12";6718897;7866146;0;;0
"2015-12";6739485;7882665;0;;0
"2015-12";6756142;7896137;1;"6062014";610
"2015-12";6776922;7915269;0;;0
"2015-12";6804989;7940193;0;;0
"2015-12";6827288;7960220;0;;0
"2015-12";6847998;7977500;1;"27082014";528
"2015-12";6867520;7994073;0;;0
"2015-12";6894180;8018124;0;;0
"2015-12";6916574;8038680;0;;0
"2015-12";6940273;8059068;0;;0
"2015-12";6963083;8079579;0;;0
"2015-12";6983361;8097715;0;;0
"2015-12";7008144;8120281;1;"27022015";344
"2015-12";7032169;8143083;0;;0
"2015-12";7050293;8158018;1;"16042015";296
"2015-12";7062406;8170349;0;;0
"2015-12";7072903;8191547;0;;0
"2015-12";7083107;8173033;0;;0
"2015-12";7093347;8225734;0;;0
"2015-12";7103464;8205154;0;;0
"2015-12";7113598;8216233;0;;0
"2015-12";7123893;8237208;0;;0
"2015-12";7134247;8229334;0;;0
"2015-12";7161408;8259308;0;;0
"2015-12";7171505;8271744;0;;0
"2015-12";7181594;8262628;0;;0
"2015-12";7191658;8281034;0;;0
"2015-12";7207084;8304654;0;;0
"2015-12";7224315;8322042;1;"16062015";235
"2015-12";7238510;8336424;0;;0
"2015-12";7252358;8347059;0;;0
"2015-12";7269992;8362417;0;;0
"2015-12";7283445;8373342;0;;0
"2015-12";7297517;8388208;0;;0
"2015-12";7309611;8399283;1;"12082015";178
"2015-12";7332357;8418369;0;;0
"2015-12";7345116;8430564;0;;0
"2015-12";7359403;8443437;0;;0
"2015-12";7376761;8460028;1;"15092015";144
"2015-12";7392048;8472363;0;;0
"2015-12";7404953;8482772;0;;0
"2015-12";7421140;8498508;0;;0
"2015-12";7437256;8514229;0;;0
"2015-12";7450751;8525564;0;;0
"2015-12";7467485;8543039;0;;0
"2015-12";7482159;8554927;0;;0
"2015-12";7498583;8568805;0;;0
"2015-12";7514672;8583898;0;;0
