CODIGO_CLIENTE;INGRESO TOMADO
1794210;9379.824667
2266547;7712.646000
3367604;4049.754333
5252517;10247.136667
5635420;6309.123333
7527523;6496.592000
1205473;41912.200000
2224799;11876.630000
5082409;9246.584880
7645618;18000.000000
1035191;36369.033333
1308038;7998.677000
2359807;4062.154333
5185842;12685.212000
6693123;4573.303333
7453004;79750.000000
15375;5670.768000
1435553;8893.128667
1762280;16058.978333
2448802;13743.966880
3088271;5200.000000
3427616;15900.000000
5619599;3868.755667
6057159;12800.000000
6771238;8243.631500
7497954;10582.706667
7824346;40000.000000
29224;16239.943000
1455408;9168.550820
1782132;4284.321000
2468469;4048.455667
3110135;11933.371667
3450223;2946.521000
5659000;2010.000000
6082372;4049.754333
6796500;12000.000000
7520675;10278.006700
7847938;16414.656453
44494;12799.718667
1469515;9169.833000
1800742;12243.656117
2485040;5200.000000
3128074;3884.110667
3468568;4062.154333
5693867;5200.000000
6436692;7163.945247
6836961;8553.886120
7537774;8869.326700
7865502;1149.333333
1189932;9531.083333
1834226;9309.806333
2176279;11435.357700
2816005;9400.000000
5025856;3871.855667
5315761;16000.000000
6153990;8469.183333
6439215;20173.237067
7208045;3708.403333
7894156;744.000000
77132;10219.635000
1498924;8434.450440
2208761;9176.756667
2517714;8443.666667
3165616;12000.000000
5346696;7396.731750
5761094;2077.000000
6470347;8713.783520
6863723;9600.000000
7580535;63726.884500
98358;13879.190333
1211060;14579.514497
1874831;13869.496667
2550562;4062.154333
2851200;23666.165333
5063670;12000.000000
5811120;6900.000000
6189937;25060.243000
6904492;11907.809333
7250299;11449.626333
7934350;21244.208333
1246430;5129.507667
1547564;81280.936000
2247682;4049.754333
2885224;19496.694400
3208471;6661.300013
5381199;9522.630780
5815916;1384.666667
6503552;21000.000000
7289411;2843.503333
7606003;6301.955000
1004319;22651.000000
1567560;4838.320000
1916882;14617.225000
2587407;10017.296333
2888728;5200.000000
5105220;17403.310667
5859341;27177.664250
6223396;5200.000000
6951698;3683.926333
7292760;4963.876000
7974906;10977.336553
1280706;18179.132667
1574708;14339.986897
2286604;4065.254333
2923075;16216.200000
3250485;3396.892667
5416671;6931.372053
6255692;6951.908743
6544042;1429.333333
7327585;19264.359467
7650941;6900.000000
1030968;14566.766667
1649048;8648.575780
1960281;25525.221750
2621567;10301.565560
3281691;5200.000000
5125056;9400.000000
5901821;3461.666667
6256129;15900.000000
6989931;4062.154333
7677701;14596.412160
8009341;3769.893000
1309625;5787.666667
1992771;5200.000000
2651001;19200.000000
2952499;15549.018333
5151087;12653.735333
5447277;13010.940867
6282617;22729.811250
7018672;4207.370800
7366141;15900.000000
8045312;7443.080333
1342700;18806.309000
1669939;57677.412500
2350290;40000.000000
2983161;14098.704293
3315550;11139.801703
5498608;13838.826880
5938917;11859.176067
6627243;5899.900000
7399136;33160.409750
7712019;35399.817000
1077134;21696.520000
1692503;11122.800000
2029647;13960.677680
2683674;14682.329027
2985331;21123.152000
5180394;23490.689600
5977554;10176.341500
6310445;10172.189820
7045720;2843.503333
7746392;17556.407733
8086146;10988.372720
1376925;40000.000000
2070091;14043.284520
2384465;9066.530000
3016310;14174.298797
3355284;5200.000000
5534971;5200.000000
6339105;3889.855000
6696091;9124.669320
7437583;2843.503333
8149435;11445.873333
1114627;12683.429000
1730695;5986.500000
2073394;4062.154333
2718057;11516.431160
3393396;10540.200000
5210631;5200.000000
6018546;6400.000000
6717459;15757.812500
7088236;2940.805333
7785208;14500.588373
8153836;9021.035400
1408938;40000.000000
2106745;5200.000000
2418657;4062.154333
3053370;6439.063000
5239506;5200.000000
5574091;15900.000000
6375225;19374.105333
7128019;4062.154333
7470096;15175.475453
8318711;768.000000
5993326;56610.214750
6374711;32300.744250
3023016;19590.180000
7999249;20960.260533
1201055;19552.217333
2119331;17594.988533
6260267;15387.007360
1596245;14295.380240
6704452;14558.335250
6876627;14421.918933
2985704;4853.564717
6384996;12421.120090
1691564;11292.155137
6128840;11030.891300
6291325;11217.206280
1123686;8639.343440
8334611;10773.389380
1678213;9590.467640
1450059;8591.907220
2088496;10331.192300
7516928;9619.953460
6699130;8125.436337
2485235;7865.342833
2681854;7628.771530
8426614;6713.055217
7426330;4591.001963
5241226;5200.000000
7223062;3200.000000
2173098;3570.172237
7914986;4391.414353
7634168;3545.718777
6792302;1748.395000
7467999;260.487532
5431860;14027.634592
6984113;5200.000000
7224062;2330.211720
5811027;7431.929560
7088029;1629.510780
1914694;4000.000000
1900888;15900.000000
2485993;21000.000000
7568737;6900.000000
2563917;1600.000000
1776246;3200.000000
7992175;6900.000000
5493269;3200.000000
1026108;9400.000000
5560327;3200.000000
5295338;3200.000000
1826693;6900.000000
7575131;40000.000000
5634550;1600.000000
2351532;3200.000000
7601923;5200.000000
5325690;1600.000000
2402642;3200.000000
6786366;2400.000000
5054122;21000.000000
1977802;3200.000000
7675911;3200.000000
5393668;19200.000000
2024063;3200.000000
7723720;3200.000000
5965794;5200.000000
2845243;1600.000000
1390950;12800.000000
7089514;9600.000000
5495602;5200.000000
2590085;3200.000000
7852247;5200.000000
6610587;15900.000000
5586449;5200.000000
7272919;15130.833333
2345241;14119.333000
7712354;6067.566667
6659296;6473.058333
8337361;2139.000000
8492349;8010.310000
8519417;19462.800000
1354580;11695.133333
7640137;3441.820333
5488937;7857.438000
5939763;13941.133333
8255905;3743.120000
5895384;2843.503333
38612;4471.370667
7103208;4091.604333
2175504;4268.821000
8497246;5955.000000
6113629;23221.830000
86033;19881.830000
7266638;2838.741667
2273109;12174.762000
1220782;11142.766667
3426675;4170.090000
1027813;2940.805333
6719782;2940.805333
1504291;4433.562333
1763223;8824.509667
5263989;8124.308667
7742298;11801.517333
6908969;4062.154333
1842938;3708.403333
7872675;3616.666667
2838181;6614.601667
2407021;12712.700000
5621279;7194.170000
8068199;14200.866667
5675342;9833.570000
1173099;16485.153333
7031197;2940.805333
1880765;264.000000
5752017;308.000000
5826394;2769.333333
5986290;692.333333
6782224;748.800000
7306458;744.000000
7665722;1440.000000
7842597;720.000000
8160492;692.333333
8349205;748.800000
8439677;1474.000000
8515131;670.000000
