Periodo;Cliente_Key;Codigo_Cliente;Cant_Reclamos_Ingresados;Cant_Reclamos_Resueltos;Prom_Tiempos_cierre;Cant_Reclamos_Reinicio
"2015-12";3263513;5217182;1;1;1;0
"2015-12";3299195;5255101;1;1;3;0
"2015-12";3339627;5314356;1;1;7;0
"2015-12";3369141;5357850;1;1;19;0
"2015-12";3397533;5396364;1;1;5;0
"2015-12";3422036;5429711;1;1;4;0
"2015-12";3451275;5408062;2;2;6;0
"2015-12";3502716;5194313;1;1;8;0
"2015-12";3534939;5248176;1;1;6;0
"2015-12";3564131;5199900;1;1;2;0
"2015-12";3623452;5534453;1;1;5;0
"2015-12";3664855;5580032;1;1;45;0
"2015-12";3777247;5673823;1;1;7;0
"2015-12";3927262;5838840;3;3;23;0
"2015-12";4000351;5911787;1;1;14;0
"2015-12";4057629;5969587;1;1;3;0
"2015-12";4112235;6024923;1;1;4;0
"2015-12";4180693;6094095;1;1;41;0
"2015-12";4245858;6157187;2;2;1;0
"2015-12";4275159;6195427;1;1;2;0
"2015-12";23501;1267751;1;1;2;0
"2015-12";50586;1135456;1;1;4;0
"2015-12";75162;1010903;1;1;64;0
"2015-12";103119;58643;1;1;2;0
"2015-12";130529;79034;1;1;10;0
"2015-12";161446;1031878;2;2;12;0
"2015-12";184915;61249;1;1;11;0
"2015-12";203806;1026985;1;1;3;0
"2015-12";218440;1040220;1;1;5;0
"2015-12";248716;1076546;1;1;1;0
"2015-12";277313;1111562;1;1;4;0
"2015-12";293154;1135856;1;1;12;0
"2015-12";312957;1154938;1;1;3;0
"2015-12";333983;1085309;1;1;0;0
"2015-12";364455;1118342;1;1;10;0
"2015-12";388975;1147389;1;1;28;0
"2015-12";420517;1291074;1;1;4;0
"2015-12";459538;1240585;1;1;1;0
"2015-12";500542;1371505;1;1;1;0
"2015-12";535358;1608463;1;1;1;0
"2015-12";571576;1527538;1;1;22;0
"2015-12";609958;1508634;1;1;31;0
"2015-12";641953;1652153;1;1;32;0
"2015-12";671688;1371878;1;1;4;0
"2015-12";708705;1685966;1;1;5;0
"2015-12";740709;1428424;1;1;3;0
"2015-12";769836;1525709;1;1;6;0
"2015-12";818929;1687271;1;1;6;0
"2015-12";870732;1741695;1;1;7;0
"2015-12";908990;1779891;1;1;1;0
"2015-12";951805;1822839;1;1;9;0
"2015-12";1002302;1873277;1;1;2;0
"2015-12";1062030;1932809;3;3;4;0
"2015-12";1106563;1977550;1;1;1;0
"2015-12";1152822;2023816;1;1;1;0
"2015-12";1215290;2086331;1;1;7;0
"2015-12";1256213;2127245;1;1;32;0
"2015-12";1298930;2169972;1;1;4;0
"2015-12";1349859;2218805;1;1;4;0
"2015-12";1392240;2263607;1;1;3;0
"2015-12";1446599;2319032;1;1;2;0
"2015-12";1483213;2356242;1;1;1;0
"2015-12";1522842;2396190;1;1;9;0
"2015-12";1534735;2409157;4;4;9;0
"2015-12";1547897;2422621;1;1;35;0
"2015-12";1586286;2629376;1;1;21;0
"2015-12";1619777;2437208;1;1;4;0
"2015-12";1654058;2477366;2;2;5;0
"2015-12";1688175;2516286;1;1;4;0
"2015-12";1727276;2560537;1;1;7;1
"2015-12";1761817;2599508;1;1;2;0
"2015-12";1794195;2635757;1;1;20;0
"2015-12";1825514;2679565;2;2;3;0
"2015-12";1852892;2702454;1;1;3;0
"2015-12";1886909;2742939;2;2;5;0
"2015-12";1921920;2782120;1;1;1;0
"2015-12";1956342;2821231;1;1;29;0
"2015-12";1988011;2856952;1;1;13;0
"2015-12";2023714;2896750;1;1;7;0
"2015-12";2067478;2947115;1;1;2;0
"2015-12";2104597;2989921;1;1;4;0
"2015-12";2134197;3021940;1;1;7;0
"2015-12";2193180;3068362;1;1;56;0
"2015-12";2240872;3117588;1;1;8;0
"2015-12";2280350;3157668;1;1;1;0
"2015-12";2318629;3197045;1;1;8;0
"2015-12";2350876;3230520;1;1;13;0
"2015-12";2391644;3271378;1;1;8;0
"2015-12";2901920;3308315;1;1;34;0
"2015-12";2967783;3362147;1;1;4;0
"2015-12";3027013;3408296;1;1;0;0
"2015-12";3080660;3452102;1;1;1;0
"2015-12";3142192;5036960;1;1;59;0
"2015-12";3176206;5089932;1;1;8;0
"2015-12";3196934;5116970;1;1;3;0
"2015-12";3224751;5152326;1;1;18;0
"2015-12";4300171;6234116;1;1;2;0
"2015-12";4335408;6279092;1;1;2;0
"2015-12";4363532;6311111;1;1;19;0
"2015-12";4392587;6336380;1;1;5;0
"2015-12";4422004;6401270;1;1;14;0
"2015-12";4449269;6445896;1;1;8;0
"2015-12";4488230;6492463;1;1;1;0
"2015-12";4529988;6557396;1;1;6;0
"2015-12";4660931;5838600;1;1;9;0
"2015-12";4749342;6647210;1;1;6;0
"2015-12";5377320;6714310;1;1;6;0
"2015-12";5453505;6784057;1;1;1;0
"2015-12";5519145;6840160;1;1;6;0
"2015-12";5584094;6899025;1;1;3;0
"2015-12";5637973;6945292;1;1;38;0
"2015-12";5734410;7017897;1;1;2;0
"2015-12";5882986;7129041;1;1;5;0
"2015-12";5973013;7213088;1;1;7;0
"2015-12";6033689;7264982;1;1;10;1
"2015-12";6082008;7306053;1;1;8;0
"2015-12";6123418;7342445;1;1;44;0
"2015-12";6173269;7388478;1;1;13;0
"2015-12";6228119;7436420;1;1;4;0
"2015-12";6270438;7475401;2;2;57;0
"2015-12";6309355;7508585;1;1;1;0
"2015-12";6350107;7544911;1;1;14;0
"2015-12";6394650;7585001;1;1;22;0
"2015-12";6450231;7634048;1;1;18;0
"2015-12";6517698;7688248;1;1;6;0
"2015-12";6570103;7734993;1;1;7;0
"2015-12";6632722;7788644;1;1;4;0
"2015-12";6702925;7851769;1;1;1;0
"2015-12";6759961;7901786;1;1;4;0
"2015-12";6822677;7955762;1;1;1;0
"2015-12";6858546;7986052;1;1;4;0
"2015-12";6909121;8031422;1;1;46;0
"2015-12";6956614;8073917;1;1;8;0
"2015-12";7024318;8133965;1;1;2;0
"2015-12";7158326;8257536;4;4;3;0
"2015-12";7269966;8362570;1;1;1;0
"2015-12";7345324;8428005;2;2;9;0
"2015-12";7410420;8490828;1;1;39;0
"2015-12";7452777;8527195;1;1;4;0
