Periodo;Cliente_Key;Codigo_Cliente;Cant_TC_Destruccion_en_Sucursal;Tiempo_TC_Destruccion_en_Sucursal;Cant_TC_Entrega_Socio;Tiempo_TC_Entrega_Socio;Cantidad_TC_Tesoro_Suc;Antiguedad_TC_Tesoro_Suc
"2015-12";66198;39237;0;0;0;0;2;2
"2015-12";119297;73890;0;0;4;8;0;0
"2015-12";178091;1119390;0;0;0;0;1;13
"2015-12";221579;1048838;0;0;1;0;0;0
"2015-12";285379;1022435;0;0;1;8;0;0
"2015-12";324499;1073461;0;0;1;5;0;0
"2015-12";381410;1240793;0;0;0;0;1;10
"2015-12";428662;1195471;0;0;1;0;0;0
"2015-12";499360;1370539;0;0;1;137;0;0
"2015-12";611157;1549828;0;0;0;0;2;0
"2015-12";722874;1468474;0;0;1;0;0;0
"2015-12";831677;1702664;0;0;2;0;0;0
"2015-12";922536;1793504;0;0;1;14;0;0
"2015-12";1016028;1887196;0;0;2;6;0;0
"2015-12";1109270;1980247;0;0;0;0;1;14
"2015-12";1215777;2086807;0;0;2;5;0;0
"2015-12";1303207;2174245;0;0;0;0;2;0
"2015-12";1368971;2238720;0;0;3;0;0;0
"2015-12";1439414;2309124;0;0;0;0;1;27
"2015-12";1531007;2407359;0;0;0;0;1;3
"2015-12";1601336;2473354;0;0;0;0;1;17
"2015-12";1686999;2514456;0;0;1;30;0;0
"2015-12";1770139;2609170;0;0;1;12;0;0
"2015-12";1851529;2701549;0;0;1;0;0;0
"2015-12";1931354;2792127;0;0;4;8;0;0
"2015-12";2015828;2887699;0;0;2;5;0;0
"2015-12";2094355;2976737;0;0;0;0;1;30
"2015-12";2202168;3076885;0;0;2;0;0;0
"2015-12";2295749;3175050;0;0;2;7;0;0
"2015-12";2381523;3261485;0;0;1;0;1;15
"2015-12";2952680;3349631;0;0;1;5;0;0
"2015-12";3064084;3437765;0;0;2;0;0;0
"2015-12";3156716;5058757;0;0;2;1;0;0
"2015-12";3229932;5165993;0;0;2;1;0;0
"2015-12";3310085;5275114;0;0;0;0;1;30
"2015-12";3395566;5393145;0;0;2;9;0;0
"2015-12";3500691;5174665;0;0;2;7;0;0
"2015-12";3609852;5520348;1;43;0;0;0;0
"2015-12";3695654;5605940;0;0;1;5;0;0
"2015-12";3883614;5797107;0;0;1;3;0;0
"2015-12";3994538;5906595;0;0;1;7;0;0
"2015-12";4115176;6028115;0;0;0;0;1;15
"2015-12";4236286;6150708;0;0;0;0;1;30
"2015-12";4328276;6263095;0;0;2;9;0;0
"2015-12";4415849;6401878;0;0;1;17;0;0
"2015-12";4511169;6537089;0;0;0;0;4;29
"2015-12";4729165;6626855;0;0;0;0;2;14
"2015-12";5408773;6741985;0;0;1;0;0;0
"2015-12";5540020;6859542;0;0;1;21;0;0
"2015-12";5646780;6953657;0;0;0;0;1;30
"2015-12";5708466;7016035;0;0;0;0;1;30
"2015-12";5772450;7063572;0;0;0;0;1;16
"2015-12";5914953;7177875;0;0;0;0;1;1
"2015-12";6025475;7259803;0;0;0;0;1;10
"2015-12";6094892;7317826;0;0;0;0;1;28
"2015-12";6151892;7369294;0;0;2;0;0;0
"2015-12";6178637;7392883;0;0;0;0;1;30
"2015-12";6210573;7420378;0;0;2;7;0;0
"2015-12";6357584;7552318;0;0;0;0;1;14
"2015-12";6535201;7703397;0;0;1;2;0;0
"2015-12";6714736;7863777;0;0;0;0;1;3
"2015-12";6872356;7998260;0;0;1;2;0;0
"2015-12";7017986;8128215;0;0;0;0;1;9
"2015-12";7261031;8354060;0;0;0;0;1;8
"2015-12";7367528;8452635;1;41;0;0;0;0
"2015-12";7422503;8499578;0;0;0;0;1;29
"2015-12";7451397;8527382;0;0;1;20;0;0
"2015-12";7468374;8542613;0;0;1;1;0;0
"2015-12";7478977;8551264;0;0;2;6;0;0
"2015-12";7484941;8557465;0;0;1;0;0;0
"2015-12";7491534;8563416;0;0;1;15;0;0
"2015-12";7500549;8571877;0;0;1;11;0;0
