Periodo;Cliente_Key;Codigo_Cliente;Cant_TD_Destruccion_en_Sucursal;Tiempo_TD_Destruccion_en_Sucursal;Cant_TD_Entrega_Socio;Tiempo_TD_Entrega_Socio;TD_Tesoro_Sucursal;Antiguedad_TD_Tesoro_Suc
"2015-12";25619;56747;0;0;0;0;0;0
"2015-12";43652;1330368;0;0;0;0;0;0
"2015-12";62698;1037585;0;0;0;0;0;0
"2015-12";81229;1305321;0;0;0;0;0;0
"2015-12";99127;43878;0;0;0;0;0;0
"2015-12";115187;1272937;0;0;0;0;0;0
"2015-12";132531;80649;0;0;0;0;0;0
"2015-12";152093;104704;0;0;0;0;0;0
"2015-12";172031;44491;0;0;0;0;0;0
"2015-12";191553;1008409;0;0;0;0;0;0
"2015-12";206267;77896;0;0;0;0;0;0
"2015-12";222074;1044970;0;0;0;0;0;0
"2015-12";241550;1072728;0;0;0;0;0;0
"2015-12";261977;138766;0;0;0;0;0;0
"2015-12";283473;1019203;0;0;0;0;0;0
"2015-12";298105;1037424;0;0;0;0;0;0
"2015-12";312340;1054636;0;0;0;0;0;0
"2015-12";327059;1176482;0;0;0;0;0;0
"2015-12";341481;1194522;0;0;0;0;0;0
"2015-12";362435;1120452;0;0;0;0;0;0
"2015-12";382267;1139803;0;0;0;0;0;0
"2015-12";396638;1157344;0;0;0;0;0;0
"2015-12";411967;1281491;0;0;0;0;0;0
"2015-12";427581;1300074;0;0;0;0;0;0
"2015-12";448306;1225303;0;0;0;0;0;0
"2015-12";469852;1247565;0;0;0;0;0;0
"2015-12";494942;1366124;0;0;0;0;0;0
"2015-12";527334;1627540;0;0;0;0;0;0
"2015-12";560473;1612069;0;0;0;0;0;0
"2015-12";593823;1513641;0;0;0;0;0;0
"2015-12";629497;1592353;0;0;0;0;0;0
"2015-12";661344;1395204;0;0;0;0;0;0
"2015-12";695649;1572795;0;0;0;0;0;0
"2015-12";730161;1392960;0;0;0;0;0;0
"2015-12";763201;1504875;0;0;0;0;0;0
"2015-12";798141;1621388;0;0;0;0;0;0
"2015-12";834476;1705273;0;0;0;0;0;0
"2015-12";863305;1734268;0;0;0;0;0;0
"2015-12";891390;1761803;0;0;0;0;0;0
"2015-12";917750;1788931;0;0;0;0;0;0
"2015-12";946118;1817126;0;0;0;0;0;0
"2015-12";977397;1848844;0;0;0;0;0;0
"2015-12";1006434;1876923;0;0;0;0;0;0
"2015-12";1033515;1904222;0;0;0;0;0;0
"2015-12";1057397;1927397;0;0;0;0;0;0
"2015-12";1082472;1953437;0;0;0;0;0;0
"2015-12";1108799;1979780;0;0;0;0;0;0
"2015-12";1137655;2008637;0;0;0;0;0;0
"2015-12";1171125;2042124;0;0;0;0;0;0
"2015-12";1210376;2081396;0;0;0;0;0;0
"2015-12";1236900;2108066;0;0;0;0;0;0
"2015-12";1261458;2132458;0;0;0;0;0;0
"2015-12";1290294;2161431;0;0;0;0;0;0
"2015-12";1313547;2184592;0;0;0;0;0;0
"2015-12";1337389;2208429;0;0;0;0;0;0
"2015-12";1359180;2230778;0;0;0;0;0;0
"2015-12";1381797;2253761;0;0;0;0;0;0
"2015-12";1407517;2279691;0;0;0;0;0;0
"2015-12";1432736;2305242;0;0;0;0;0;0
"2015-12";1454951;2328010;0;0;0;0;0;0
"2015-12";1478232;2351775;0;0;0;0;0;0
"2015-12";1502911;2376951;0;0;0;0;0;0
"2015-12";1527297;2401990;0;0;0;0;0;0
"2015-12";1545421;2420337;0;0;0;0;0;0
"2015-12";1575522;2746073;0;0;0;0;0;0
"2015-12";1604188;2445988;0;0;0;0;0;0
"2015-12";1633071;2452386;0;0;0;0;0;0
"2015-12";1661983;2484777;0;0;0;0;0;0
"2015-12";1690720;2518569;0;0;0;0;0;0
"2015-12";1719315;2551443;0;0;0;0;0;0
"2015-12";1747830;2585398;0;0;0;0;0;0
"2015-12";1776776;2617583;0;0;0;0;0;0
"2015-12";1805232;2649657;0;0;0;0;0;0
"2015-12";1834301;2684938;0;0;0;0;0;0
"2015-12";1863219;2716168;0;0;0;0;0;0
"2015-12";1891935;2750363;0;0;0;0;0;0
"2015-12";1920447;2780497;0;0;0;0;0;0
"2015-12";1949668;2812675;0;0;0;0;0;0
"2015-12";1979125;2846815;0;0;0;0;0;0
"2015-12";2007997;2878331;0;0;0;0;0;0
"2015-12";2036955;2911717;0;0;0;0;0;0
"2015-12";2065559;2944561;0;0;0;0;0;0
"2015-12";2094250;2977208;0;0;0;0;0;0
"2015-12";2123166;3011307;0;0;0;0;0;0
"2015-12";2169065;3044525;0;0;0;0;0;0
"2015-12";2197484;3073065;0;0;0;0;0;0
"2015-12";2223906;3099469;0;0;0;0;0;0
"2015-12";2250853;3127298;0;0;0;0;0;0
"2015-12";2277368;3155708;0;0;0;0;0;0
"2015-12";2304403;3182248;0;0;0;0;0;0
"2015-12";2331938;3210526;0;0;0;0;0;0
"2015-12";2358012;3237352;0;0;0;0;0;0
"2015-12";2381455;3261193;0;0;0;0;0;0
"2015-12";2873746;3285245;0;0;0;0;0;0
"2015-12";2906718;3312330;0;0;0;0;0;0
"2015-12";2941056;3340378;0;0;0;0;0;0
"2015-12";2979172;3226004;0;0;0;0;0;0
"2015-12";3011324;3395098;0;0;0;0;0;0
"2015-12";3043939;3421300;0;0;0;0;0;0
"2015-12";3073520;3445782;0;0;0;0;0;0
"2015-12";3099785;3468140;0;0;0;0;0;0
"2015-12";3127582;5021706;0;0;0;0;0;0
"2015-12";3151009;5044676;0;0;0;0;0;0
"2015-12";3174397;5084084;0;0;0;0;0;0
"2015-12";3196310;5119758;0;0;0;0;0;0
"2015-12";3217835;5148029;0;0;0;0;0;0
"2015-12";3239418;5177682;0;0;0;0;0;0
"2015-12";3261039;5209336;0;0;0;0;0;0
"2015-12";3283677;5240543;0;0;0;0;0;0
"2015-12";3309339;5274585;0;0;0;0;0;0
"2015-12";3333476;5306556;0;0;0;0;0;0
"2015-12";3361012;5340151;0;0;0;0;0;0
"2015-12";3389041;5380360;0;0;0;0;0;0
"2015-12";3416961;5421053;0;0;0;0;0;0
"2015-12";3445670;5478080;0;0;0;0;0;0
"2015-12";3472029;5514710;0;0;0;0;0;0
"2015-12";3508633;5249607;0;0;0;0;0;0
"2015-12";3534628;5425077;0;0;1;7;0;0
"2015-12";3559989;5410679;0;0;0;0;0;0
"2015-12";3585558;5352900;0;0;0;0;0;0
"2015-12";3629719;5540363;0;0;0;0;0;0
"2015-12";3652265;5562762;0;0;0;0;0;0
"2015-12";3669692;5581501;0;0;0;0;0;0
"2015-12";3683456;5603638;0;0;0;0;0;0
"2015-12";3703400;5613405;0;0;0;0;0;0
"2015-12";3737837;5656340;0;0;0;0;0;0
"2015-12";3766957;5687163;0;0;0;0;0;0
"2015-12";3795774;5721478;0;0;0;0;0;0
"2015-12";3823955;5714813;0;0;0;0;0;0
"2015-12";3851034;5758050;0;0;0;0;0;0
"2015-12";3872685;5787312;0;0;0;0;0;0
"2015-12";3893563;5804689;0;0;0;0;0;0
"2015-12";3911096;5821428;0;0;0;0;0;0
"2015-12";3930506;5841497;0;0;0;0;0;0
"2015-12";3946851;5859011;0;0;0;0;0;0
"2015-12";3968114;5879411;1;44411;0;0;0;0
"2015-12";3991345;5903565;1;700;0;0;0;0
"2015-12";4014388;5926669;0;0;0;0;0;0
"2015-12";4038652;5951440;0;0;0;0;0;0
"2015-12";4060361;5972492;0;0;0;0;0;0
"2015-12";4082505;5995587;0;0;0;0;0;0
"2015-12";4105789;6018651;0;0;0;0;0;0
"2015-12";4129835;6042524;0;0;0;0;0;0
"2015-12";4153789;6066283;0;0;0;0;0;0
"2015-12";4179451;6092693;0;0;0;0;0;0
"2015-12";4202621;6116449;0;0;0;0;0;0
"2015-12";4241424;6157057;0;0;0;0;0;0
"2015-12";4265804;6180452;0;0;0;0;0;0
"2015-12";4296064;6216884;0;0;0;0;0;0
"2015-12";4329762;6262937;0;0;0;0;0;0
"2015-12";4360913;6308268;0;0;0;0;0;0
"2015-12";4396132;6337810;0;0;0;0;0;0
"2015-12";4429533;6414661;0;0;0;0;0;0
"2015-12";4462441;6464106;0;0;0;0;0;0
"2015-12";4498046;6499604;0;0;0;0;0;0
"2015-12";4523823;6550279;0;0;0;0;0;0
"2015-12";4547578;6575854;0;0;0;0;0;0
"2015-12";4617234;6187863;0;0;0;0;0;0
"2015-12";4714533;6612331;0;0;0;0;0;0
"2015-12";4739647;6638354;0;0;0;0;0;0
"2015-12";5330003;6675178;0;0;0;0;0;0
"2015-12";5356108;6694931;0;0;0;0;0;0
"2015-12";5381762;6717348;0;0;0;0;0;0
"2015-12";5406514;6740321;0;0;0;0;0;0
"2015-12";5447413;6777822;0;0;0;0;0;0
"2015-12";5471621;6798466;0;0;0;0;0;0
"2015-12";5496059;6820137;0;0;0;0;0;0
"2015-12";5521440;6841822;0;0;0;0;0;0
"2015-12";5546478;6864664;0;0;0;0;0;0
"2015-12";5572402;6888640;0;0;0;0;0;0
"2015-12";5595574;6908187;0;0;0;0;0;0
"2015-12";5620868;6931495;0;0;0;0;0;0
"2015-12";5646478;6953230;0;0;0;0;0;0
"2015-12";5670370;6970194;0;0;0;0;0;0
"2015-12";5690558;6987239;0;0;0;0;0;0
"2015-12";5707201;7007600;0;0;0;0;0;0
"2015-12";5722214;7021123;0;0;0;0;0;0
"2015-12";5737311;7016581;0;0;0;0;0;0
"2015-12";5765306;7065976;0;0;0;0;0;0
"2015-12";5854822;7106494;0;0;0;0;0;0
"2015-12";5876850;7123277;0;0;0;0;0;0
"2015-12";5902543;7145647;0;0;0;0;0;0
"2015-12";5960494;7201146;0;0;0;0;0;0
"2015-12";5987310;7225105;0;0;0;0;0;0
"2015-12";6010549;7244916;0;0;0;0;0;0
"2015-12";6035047;7266397;0;0;0;0;0;0
"2015-12";6060266;7288705;0;0;0;0;0;0
"2015-12";6087350;7312318;0;0;0;0;0;0
"2015-12";6111843;7331756;0;0;0;0;0;0
"2015-12";6137373;7357113;0;0;0;0;0;0
"2015-12";6156007;7372916;0;0;0;0;0;0
"2015-12";6180783;7393276;0;0;0;0;0;0
"2015-12";6204694;7415221;0;0;0;0;0;0
"2015-12";6227620;7435997;0;0;0;0;0;0
"2015-12";6249454;7455237;0;0;0;0;0;0
"2015-12";6267560;7471403;0;0;0;0;0;0
"2015-12";6288791;7490043;0;0;0;0;0;0
"2015-12";6309340;7508953;0;0;0;0;0;0
"2015-12";6331058;7528494;0;0;0;0;0;0
"2015-12";6351889;7546061;0;0;0;0;0;0
"2015-12";6370260;7561862;0;0;0;0;0;0
"2015-12";6392526;7582672;0;0;0;0;0;0
"2015-12";6412580;7600264;0;0;0;0;0;0
"2015-12";6431206;7616700;0;0;0;0;0;0
"2015-12";6450621;7633507;0;0;0;0;0;0
"2015-12";6463172;7641492;0;0;0;0;0;0
"2015-12";6486780;7662482;0;0;0;0;0;0
"2015-12";6505088;7680001;0;0;0;0;0;0
"2015-12";6527678;7697077;0;0;0;0;0;0
"2015-12";6546567;7715349;0;0;0;0;0;0
"2015-12";6567682;7732404;0;0;0;0;0;0
"2015-12";6591014;7753143;0;0;0;0;0;0
"2015-12";6611061;7770553;0;0;0;0;0;0
"2015-12";6632169;7788803;0;0;0;0;0;0
"2015-12";6651223;7805920;0;0;0;0;0;0
"2015-12";6666668;7819235;0;0;0;0;0;0
"2015-12";6687564;7838286;0;0;0;0;0;0
"2015-12";6703875;7853143;0;0;0;0;0;0
"2015-12";6718899;7867067;0;0;0;0;0;0
"2015-12";6739490;7882449;0;0;0;0;0;0
"2015-12";6756145;7895186;0;0;0;0;0;0
"2015-12";6776928;7915153;0;0;0;0;0;0
"2015-12";6804992;7940525;0;0;0;0;0;0
"2015-12";6827294;7959836;0;0;0;0;0;0
"2015-12";6848003;7977868;0;0;0;0;0;0
"2015-12";6867524;7994606;0;0;0;0;0;0
"2015-12";6894186;8018099;0;0;0;0;0;0
"2015-12";6916584;8038741;0;0;0;0;0;0
"2015-12";6940279;8058899;0;0;0;0;0;0
"2015-12";6963092;8079654;0;0;0;0;0;0
"2015-12";6983367;8097852;0;0;0;0;0;0
"2015-12";7008158;8120591;0;0;0;0;0;0
"2015-12";7032176;8142131;0;0;0;0;0;0
"2015-12";7050303;8158643;0;0;0;0;0;0
"2015-12";7062412;8170364;0;0;0;0;0;0
"2015-12";7072908;8176524;0;0;0;0;0;0
"2015-12";7083112;8181718;0;0;0;0;0;0
"2015-12";7093352;8206882;0;0;0;0;0;0
"2015-12";7103469;8217420;0;0;0;0;0;0
"2015-12";7113603;8215982;0;0;1;11;0;0
"2015-12";7123898;8234166;0;0;0;0;0;0
"2015-12";7134252;8231557;0;0;0;0;0;0
"2015-12";7161413;8279412;0;0;0;0;0;0
"2015-12";7171510;8274590;0;0;0;0;0;0
"2015-12";7181599;8287830;0;0;0;0;0;0
"2015-12";7191663;8283809;0;0;0;0;0;0
"2015-12";7207096;8303827;0;0;0;0;0;0
"2015-12";7224320;8321890;0;0;0;0;0;0
"2015-12";7238515;8333432;0;0;0;0;0;0
"2015-12";7252364;8347777;0;0;0;0;0;0
"2015-12";7269998;8362398;0;0;0;0;0;0
"2015-12";7283450;8375923;0;0;0;0;0;0
"2015-12";7297523;8388908;0;0;0;0;0;0
"2015-12";7309616;8398547;0;0;0;0;0;0
"2015-12";7332362;8419004;0;0;0;0;0;0
"2015-12";7345121;8429603;0;0;0;0;0;0
"2015-12";7359409;8443757;0;0;0;0;0;0
"2015-12";7376766;8460078;0;0;0;0;0;0
"2015-12";7392053;8471879;0;0;0;0;0;0
"2015-12";7404958;8485398;0;0;0;0;0;0
"2015-12";7421149;8498935;0;0;0;0;0;0
"2015-12";7437262;8514188;0;0;0;0;0;0
"2015-12";7450758;8526617;0;0;0;0;0;0
"2015-12";7467493;8542121;0;0;1;15;0;0
"2015-12";7482165;8555978;0;0;0;0;0;0
"2015-12";7498590;8568021;0;0;0;0;0;0
"2015-12";7514688;8583230;0;0;0;0;1;1
