Periodo;Cliente_Key;Codigo_Cliente;Cantidad_Consumo_DA;Importe_Consumo_DA;Cantidad_Consumo_TC;Importe_Consumo_TC;Cantidad_Cuotas_TC;Importe_Cuotas_TC;Cantidad_Bonificaciones_TC;Bonificaciones_TC;Cantidad_Adelantos_TC;Adelantos_TC;Limite_Comptras_TC
"2015-12";10639;1321436;1;2714.770000;1;2145.500000;4;1328.500000;1;0.000000;0;0.000000;19200.000000
"2015-12";15779;1298574;1;103.480000;1;1020.000000;2;1520.000000;0;0.000000;1;500.000000;33360.000000
"2015-12";19916;12748;1;45.000000;0;0.000000;0;0.000000;0;0.000000;0;0.000000;12000.000000
"2015-12";24532;1350859;1;224.680000;0;0.000000;0;0.000000;0;0.000000;0;0.000000;41900.000000
"2015-12";27915;17414;0;0.000000;1;2472.940000;2;2172.940000;0;0.000000;0;0.000000;6000.000000
"2015-12";31327;24806;0;0.000000;0;0.000000;0;0.000000;0;0.000000;0;0.000000;23360.000000
"2015-12";35753;1341200;1;1035.000000;0;0.000000;0;0.000000;0;0.000000;0;0.000000;63200.000000
"2015-12";39555;1185813;1;267.110000;1;1110.000000;2;1110.000000;0;0.000000;0;0.000000;54800.000000
"2015-12";43025;1331772;1;113.680000;1;64.000000;0;0.000000;0;0.000000;0;0.000000;5000.000000
"2015-12";46896;33450;1;149.000000;0;0.000000;0;0.000000;0;0.000000;0;0.000000;19200.000000
"2015-12";50210;1134104;1;238.900000;0;0.000000;0;0.000000;0;0.000000;0;0.000000;28000.000000
"2015-12";54987;1014927;1;30.000000;0;0.000000;0;0.000000;0;0.000000;0;0.000000;50560.000000
"2015-12";58825;1091951;0;0.000000;1;27218.440000;20;22768.490000;1;0.000000;0;0.000000;128000.000000
"2015-12";62763;1037650;1;1395.500000;1;18582.550000;19;14714.140000;1;-16.000000;0;0.000000;75840.000000
"2015-12";66348;1059715;1;161.650000;1;1968.400000;3;1968.400000;0;0.000000;0;0.000000;3000.000000
"2015-12";69723;1037174;1;123.920000;0;0.000000;0;0.000000;0;0.000000;0;0.000000;22400.000000
"2015-12";72383;1019592;0;0.000000;1;479.000000;1;479.000000;0;0.000000;0;0.000000;21700.000000
"2015-12";76175;1078157;1;161.570000;1;1738.000000;3;1738.000000;1;25.500000;0;0.000000;19200.000000
"2015-12";80308;128617;0;0.000000;1;812.150000;1;752.310000;0;0.000000;0;0.000000;75840.000000
"2015-12";83866;1302973;0;0.000000;0;0.000000;0;0.000000;0;0.000000;0;0.000000;1500.000000
"2015-12";87706;51669;1;818.700000;0;0.000000;0;0.000000;0;0.000000;0;0.000000;75840.000000
"2015-12";92033;1292739;1;113.500000;1;660.000000;1;560.000000;0;0.000000;0;0.000000;29200.000000
"2015-12";95043;1142881;1;3689.540000;1;6404.010000;10;6709.710000;0;0.000000;1;2000.000000;19200.000000
"2015-12";98123;55930;1;46.480000;1;2364.980000;2;1130.000000;0;0.000000;1;4700.000000;75840.000000
"2015-12";101688;1106908;1;334.680000;1;1406.390000;0;0.000000;1;0.000000;0;0.000000;75840.000000
"2015-12";104630;64285;0;0.000000;0;0.000000;0;0.000000;0;0.000000;0;0.000000;63200.000000
"2015-12";108612;1188808;1;152.000000;0;0.000000;0;0.000000;0;0.000000;0;0.000000;10000.000000
"2015-12";111882;63948;1;404.000000;1;707.030000;0;0.000000;0;0.000000;0;0.000000;1500.000000
"2015-12";116204;71579;0;0.000000;0;0.000000;0;0.000000;0;0.000000;0;0.000000;49000.000000
"2015-12";120592;5040;1;46.500000;1;2004.000000;2;2004.000000;0;0.000000;0;0.000000;29200.000000
"2015-12";123994;1487;1;197.000000;1;1798.710000;2;1315.000000;1;0.000000;0;0.000000;29200.000000
"2015-12";128285;76501;1;120.940000;1;7515.000000;2;1334.000000;1;0.000000;0;0.000000;37200.000000
"2015-12";131995;1294704;0;0.000000;0;0.000000;0;0.000000;0;0.000000;0;0.000000;29200.000000
"2015-12";135222;50802;0;0.000000;0;0.000000;0;0.000000;0;0.000000;0;0.000000;19200.000000
"2015-12";138630;22255;1;256.890000;0;0.000000;0;0.000000;0;0.000000;0;0.000000;72880.000000
"2015-12";142413;85898;0;0.000000;0;0.000000;0;0.000000;0;0.000000;0;0.000000;500.000000
"2015-12";147340;108538;1;625.150000;1;11976.210000;12;11295.140000;1;0.000000;0;0.000000;23360.000000
"2015-12";151194;33581;1;89.000000;0;0.000000;0;0.000000;0;0.000000;0;0.000000;35040.000000
"2015-12";155015;103041;1;792.040000;1;4535.270000;1;923.070000;0;0.000000;0;0.000000;88480.000000
"2015-12";159220;114067;0;0.000000;1;1244.300000;2;1244.300000;0;0.000000;0;0.000000;16000.000000
"2015-12";163623;1046020;0;0.000000;0;0.000000;0;0.000000;1;775.010000;0;0.000000;33600.000000
"2015-12";167154;41112;1;53.000000;0;0.000000;0;0.000000;0;0.000000;0;0.000000;22400.000000
"2015-12";171060;43920;0;0.000000;1;12332.650000;2;3408.590000;1;4.910000;0;0.000000;35040.000000
"2015-12";174990;132762;0;0.000000;0;0.000000;0;0.000000;0;0.000000;0;0.000000;19200.000000
"2015-12";179327;51202;1;1403.880000;1;19284.720000;7;8880.440000;0;0.000000;1;89.760000;88480.000000
"2015-12";182901;59330;0;0.000000;1;911.160000;0;0.000000;0;0.000000;0;0.000000;63200.000000
"2015-12";186361;56131;1;46.500000;0;0.000000;0;0.000000;0;0.000000;0;0.000000;114400.000000
"2015-12";189805;1005277;1;68.640000;1;10362.200000;1;10362.200000;0;0.000000;0;0.000000;36000.000000
"2015-12";192646;1013307;1;140.620000;0;0.000000;0;0.000000;0;0.000000;0;0.000000;40880.000000
"2015-12";195596;64099;1;120.910000;1;4679.790000;6;3705.960000;1;0.000000;0;0.000000;45760.000000
"2015-12";198057;1020318;0;0.000000;0;0.000000;0;0.000000;0;0.000000;0;0.000000;128000.000000
"2015-12";200635;1019035;1;311.480000;1;11583.700000;8;10259.250000;1;0.000000;0;0.000000;35040.000000
"2015-12";202978;71152;1;240.460000;1;3506.670000;2;3361.640000;0;0.000000;0;0.000000;23360.000000
"2015-12";205175;1028144;1;220.000000;1;4740.900000;10;4637.350000;1;-39.200000;0;0.000000;102400.000000
"2015-12";207440;1027188;0;0.000000;1;4917.670000;12;4230.820000;0;0.000000;0;0.000000;19200.000000
"2015-12";209524;1034283;1;664.120000;0;0.000000;0;0.000000;0;0.000000;0;0.000000;35040.000000
"2015-12";212236;78520;1;95.700000;1;1175.200000;1;708.000000;0;0.000000;0;0.000000;50560.000000
"2015-12";214983;1036091;1;1046.150000;1;13131.200000;13;11761.200000;1;0.000000;0;0.000000;75840.000000
"2015-12";218426;1040206;0;0.000000;1;665.000000;0;0.000000;1;0.000000;0;0.000000;400000.000000
"2015-12";222638;92875;0;0.000000;0;0.000000;0;0.000000;0;0.000000;0;0.000000;9600.000000
"2015-12";227197;1055386;1;888.690000;1;2138.830000;1;2134.130000;0;0.000000;0;0.000000;29200.000000
"2015-12";230996;1055746;1;222.600000;0;0.000000;0;0.000000;0;0.000000;0;0.000000;23360.000000
"2015-12";234514;1059779;0;0.000000;0;0.000000;0;0.000000;0;0.000000;0;0.000000;43360.000000
"2015-12";237676;1068256;1;132.400000;1;4128.980000;9;2572.460000;1;49.590000;0;0.000000;19200.000000
"2015-12";241350;1067607;1;180.500000;0;0.000000;0;0.000000;0;0.000000;0;0.000000;8000.000000
"2015-12";244804;1071834;1;129.200000;1;323.020000;0;0.000000;0;0.000000;0;0.000000;23360.000000
"2015-12";248164;117208;0;0.000000;1;1848.200000;3;1848.200000;0;0.000000;0;0.000000;8000.000000
"2015-12";251400;121206;0;0.000000;1;1153.000000;2;1153.000000;0;0.000000;0;0.000000;19200.000000
"2015-12";255384;1084165;1;81.500000;1;4700.000000;2;4700.000000;0;0.000000;0;0.000000;12000.000000
"2015-12";259615;1094517;1;1707.170000;0;0.000000;0;0.000000;0;0.000000;0;0.000000;19200.000000
"2015-12";265687;139071;1;44.220000;1;2160.000000;4;2160.000000;0;0.000000;0;0.000000;35040.000000
"2015-12";270848;1003279;0;0.000000;1;8158.860000;12;7915.880000;1;32.550000;0;0.000000;40880.000000
"2015-12";276211;1015544;0;0.000000;1;5520.000000;1;5520.000000;0;0.000000;0;0.000000;63200.000000
"2015-12";279950;1020211;0;0.000000;0;0.000000;0;0.000000;0;0.000000;0;0.000000;12000.000000
"2015-12";283297;1023792;0;0.000000;0;0.000000;0;0.000000;0;0.000000;0;0.000000;14800.000000
"2015-12";285788;1027412;1;173.500000;1;1016.000000;3;1001.100000;1;-14.900000;0;0.000000;16000.000000
"2015-12";288606;1025234;0;0.000000;0;0.000000;0;0.000000;0;0.000000;0;0.000000;40880.000000
"2015-12";291059;1028812;1;249.350000;1;3165.710000;6;2423.750000;1;0.000000;0;0.000000;50560.000000
"2015-12";293378;1136758;1;355.000000;0;0.000000;1;300.000000;0;0.000000;1;900.000000;3000.000000
"2015-12";295698;1038236;0;0.000000;1;600.000000;1;600.000000;0;0.000000;0;0.000000;625.000000
"2015-12";297883;1036536;0;0.000000;1;18485.190000;26;16970.100000;1;-289.120000;0;0.000000;63200.000000
"2015-12";300179;1139258;1;58.500000;0;0.000000;0;0.000000;0;0.000000;0;0.000000;10000.000000
"2015-12";302712;1148094;1;5740.220000;0;0.000000;0;0.000000;0;0.000000;0;0.000000;37360.000000
"2015-12";305649;1146479;0;0.000000;1;900.000000;1;900.000000;0;0.000000;0;0.000000;29200.000000
"2015-12";307919;1149216;1;1145.630000;1;5562.800000;9;8569.750000;0;0.000000;1;3500.000000;40880.000000
"2015-12";310459;1051500;1;71.450000;1;8102.600000;1;8102.600000;0;0.000000;0;0.000000;25600.000000
"2015-12";313044;1155026;1;112.730000;1;32.000000;0;0.000000;0;0.000000;0;0.000000;19200.000000
"2015-12";315970;1063385;0;0.000000;0;0.000000;0;0.000000;0;0.000000;0;0.000000;179200.000000
"2015-12";319088;1062606;0;0.000000;0;0.000000;0;0.000000;0;0.000000;0;0.000000;29200.000000
"2015-12";321998;1170593;1;615.000000;0;0.000000;0;0.000000;0;0.000000;0;0.000000;88480.000000
"2015-12";324374;1073112;0;0.000000;1;850.000000;2;850.000000;0;0.000000;0;0.000000;6000.000000
"2015-12";326578;1070926;1;375.010000;1;15959.890000;12;13936.450000;1;0.000000;1;2000.000000;75840.000000
"2015-12";329229;1175169;1;50.400000;0;0.000000;0;0.000000;0;0.000000;0;0.000000;16000.000000
"2015-12";331637;1077060;0;0.000000;0;0.000000;0;0.000000;0;0.000000;0;0.000000;2000.000000
"2015-12";333843;1084952;1;113.500000;1;2887.740000;2;2287.740000;0;0.000000;1;100.000000;7000.000000
"2015-12";336233;1188023;0;0.000000;1;4604.000000;2;4604.000000;0;0.000000;0;0.000000;40880.000000
"2015-12";339136;1085934;0;0.000000;0;0.000000;0;0.000000;0;0.000000;0;0.000000;14000.000000
"2015-12";342800;1095530;1;100.800000;0;0.000000;0;0.000000;0;0.000000;0;0.000000;19200.000000
"2015-12";347880;1097185;0;0.000000;1;2325.000000;0;0.000000;0;0.000000;0;0.000000;30000.000000
"2015-12";352225;1207832;0;0.000000;1;5990.380000;4;5185.000000;0;0.000000;0;0.000000;45200.000000
"2015-12";356493;1213758;0;0.000000;0;0.000000;0;0.000000;0;0.000000;0;0.000000;4000.000000
"2015-12";361982;1215740;1;64.000000;0;0.000000;0;0.000000;0;0.000000;0;0.000000;19200.000000
"2015-12";366901;1226857;1;178.480000;0;0.000000;0;0.000000;0;0.000000;0;0.000000;16000.000000
"2015-12";372159;1228512;0;0.000000;1;3039.000000;1;3039.000000;0;0.000000;0;0.000000;5000.000000
"2015-12";376750;1137495;0;0.000000;0;0.000000;0;0.000000;0;0.000000;0;0.000000;43360.000000
"2015-12";379879;1239119;1;50.820000;1;3188.000000;2;3093.000000;0;0.000000;0;0.000000;13000.000000
"2015-12";382284;1139820;1;2250.830000;0;0.000000;0;0.000000;0;0.000000;0;0.000000;88480.000000
"2015-12";384959;1245303;0;0.000000;0;0.000000;0;0.000000;0;0.000000;0;0.000000;33200.000000
"2015-12";387188;1144946;0;0.000000;1;3776.000000;4;3776.000000;1;0.000000;0;0.000000;2500.000000
"2015-12";389449;1152880;1;100.800000;0;0.000000;0;0.000000;0;0.000000;0;0.000000;16000.000000
"2015-12";392286;1253858;1;749.200000;1;6677.440000;3;2436.000000;0;0.000000;0;0.000000;50560.000000
"2015-12";395055;1155715;1;393.000000;1;1741.700000;1;702.020000;0;0.000000;0;0.000000;40880.000000
"2015-12";399236;1262276;1;4118.690000;1;4061.440000;14;4344.440000;0;0.000000;1;1000.000000;23360.000000
"2015-12";403138;1266712;1;99.920000;1;2954.000000;3;2802.100000;1;0.000000;0;0.000000;37040.000000
"2015-12";407124;1173605;0;0.000000;1;649.990000;0;0.000000;0;0.000000;0;0.000000;2500.000000
"2015-12";410827;1174111;1;107.200000;0;0.000000;0;0.000000;0;0.000000;0;0.000000;16000.000000
"2015-12";414472;1178968;0;0.000000;0;0.000000;0;0.000000;0;0.000000;0;0.000000;128000.000000
"2015-12";417981;1182878;0;0.000000;0;0.000000;0;0.000000;0;0.000000;0;0.000000;25600.000000
"2015-12";421145;1186809;1;201.720000;1;237.640000;0;0.000000;0;0.000000;0;0.000000;19200.000000
"2015-12";424635;1296654;0;0.000000;1;1215.000000;0;0.000000;0;0.000000;0;0.000000;32000.000000
"2015-12";429328;1302069;0;0.000000;1;4330.460000;4;1393.000000;1;0.000000;0;0.000000;23360.000000
"2015-12";433620;1302745;0;0.000000;0;0.000000;0;0.000000;0;0.000000;0;0.000000;23360.000000
"2015-12";438548;1313810;1;53.410000;1;3467.000000;1;3467.000000;0;0.000000;0;0.000000;19200.000000
"2015-12";443952;1315719;1;128.000000;1;6830.430000;11;7231.680000;0;0.000000;1;1900.000000;19200.000000
"2015-12";450184;1227284;0;0.000000;1;10178.370000;3;10047.000000;0;0.000000;0;0.000000;22400.000000
"2015-12";457061;1236369;0;0.000000;0;0.000000;0;0.000000;0;0.000000;0;0.000000;15500.000000
"2015-12";462138;1337395;1;227.050000;1;4376.750000;9;3761.750000;0;0.000000;0;0.000000;1500.000000
"2015-12";467535;1344585;1;1705.200000;1;2655.830000;1;2088.000000;0;0.000000;0;0.000000;50560.000000
"2015-12";471878;1250965;1;123.920000;1;844.510000;0;0.000000;0;0.000000;0;0.000000;63200.000000
"2015-12";475306;1254654;0;0.000000;1;5392.820000;4;5392.820000;0;0.000000;0;0.000000;22400.000000
"2015-12";482854;1264288;0;0.000000;0;0.000000;0;0.000000;0;0.000000;0;0.000000;19200.000000
"2015-12";491583;1362578;0;0.000000;1;2122.670000;2;1305.920000;0;0.000000;0;0.000000;3500.000000
"2015-12";496670;1367578;1;1943.710000;0;0.000000;0;0.000000;0;0.000000;0;0.000000;3000.000000
"2015-12";502940;1393294;1;2466.000000;1;3556.190000;1;960.000000;0;0.000000;0;0.000000;16000.000000
"2015-12";510051;1458711;1;528.000000;1;1691.910000;3;1400.000000;1;0.000000;0;0.000000;38400.000000
"2015-12";516138;1663038;0;0.000000;1;1943.610000;3;842.680000;0;0.000000;0;0.000000;40880.000000
"2015-12";524972;1632125;1;1677.000000;0;0.000000;0;0.000000;0;0.000000;0;0.000000;5000.000000
"2015-12";534661;1411341;0;0.000000;0;0.000000;0;0.000000;0;0.000000;0;0.000000;40880.000000
"2015-12";544595;1403281;0;0.000000;0;0.000000;0;0.000000;0;0.000000;0;0.000000;50560.000000
"2015-12";554086;1564009;1;159.150000;1;2022.350000;0;0.000000;0;0.000000;0;0.000000;16000.000000
"2015-12";561022;1550519;0;0.000000;0;0.000000;0;0.000000;0;0.000000;0;0.000000;2000.000000
"2015-12";569060;1531739;1;50.400000;1;2093.000000;2;2192.330000;0;0.000000;0;0.000000;40880.000000
"2015-12";576785;1513973;1;1591.660000;0;0.000000;0;0.000000;0;0.000000;0;0.000000;216800.000000
"2015-12";585299;1491767;1;2085.000000;1;2137.740000;2;1382.950000;1;0.000000;0;0.000000;19200.000000
"2015-12";591402;1552524;0;0.000000;1;16544.630000;2;16374.900000;1;0.000000;0;0.000000;23360.000000
"2015-12";598421;1522157;0;0.000000;1;2888.830000;0;0.000000;0;0.000000;0;0.000000;44800.000000
"2015-12";605083;1462784;0;0.000000;1;11460.680000;1;11236.000000;0;0.000000;0;0.000000;204800.000000
"2015-12";611226;1549897;0;0.000000;0;0.000000;0;0.000000;0;0.000000;0;0.000000;16000.000000
"2015-12";617941;1489864;0;0.000000;0;0.000000;0;0.000000;0;0.000000;0;0.000000;75840.000000
"2015-12";627803;1469401;1;617.170000;1;24634.830000;8;24579.680000;1;0.000000;0;0.000000;128000.000000
"2015-12";635246;1374367;0;0.000000;0;0.000000;0;0.000000;0;0.000000;0;0.000000;35040.000000
"2015-12";643335;1434397;0;0.000000;1;8171.350000;1;3059.790000;1;34.800000;0;0.000000;50560.000000
"2015-12";649788;1411798;1;160.980000;1;983.570000;0;0.000000;1;0.000000;0;0.000000;7000.000000
"2015-12";657480;1403535;1;851.500000;1;1529.000000;0;0.000000;0;0.000000;0;0.000000;75840.000000
"2015-12";664758;1396439;0;0.000000;1;4100.000000;1;1575.000000;0;0.000000;0;0.000000;29200.000000
"2015-12";672197;1691505;0;0.000000;1;3627.800000;4;1890.920000;1;301.990000;0;0.000000;40880.000000
"2015-12";679538;1377022;1;4575.550000;1;30.120000;0;0.000000;0;0.000000;0;0.000000;63200.000000
"2015-12";687008;1432633;1;5696.200000;1;4778.050000;7;2339.160000;1;-101.100000;0;0.000000;50560.000000
"2015-12";696715;1442254;1;165.500000;0;0.000000;0;0.000000;1;53.200000;0;0.000000;23360.000000
"2015-12";705446;1682955;0;0.000000;1;2909.000000;2;2660.000000;0;0.000000;0;0.000000;50560.000000
"2015-12";711439;1498223;0;0.000000;0;0.000000;0;0.000000;0;0.000000;0;0.000000;63200.000000
"2015-12";719003;1693880;0;0.000000;1;4978.000000;5;4978.000000;0;0.000000;0;0.000000;98360.000000
"2015-12";724533;1471204;1;2095.000000;1;62064.170000;2;14670.000000;1;-28.500000;0;0.000000;128000.000000
"2015-12";730662;1396246;1;1308.800000;1;2614.630000;3;2394.000000;0;0.000000;0;0.000000;204800.000000
"2015-12";738594;1420743;1;100.800000;1;3270.040000;2;1720.000000;1;0.000000;0;0.000000;23360.000000
"2015-12";743804;1438358;1;3975.390000;1;261.080000;0;0.000000;0;0.000000;0;0.000000;63200.000000
"2015-12";750276;1506055;1;104.000000;0;0.000000;0;0.000000;0;0.000000;0;0.000000;20200.000000
"2015-12";756453;1482179;1;620.000000;0;0.000000;0;0.000000;0;0.000000;0;0.000000;16000.000000
"2015-12";762018;1525098;1;75.000000;1;1097.510000;0;0.000000;0;0.000000;0;0.000000;8000.000000
"2015-12";769765;1525419;1;2783.130000;1;2140.000000;3;2066.500000;1;0.000000;0;0.000000;40880.000000
"2015-12";775477;1546064;1;95.500000;1;2800.000000;1;2700.000000;0;0.000000;0;0.000000;23200.000000
"2015-12";781988;1565341;1;57.000000;1;900.840000;3;900.840000;0;0.000000;0;0.000000;19200.000000
"2015-12";805079;1645544;1;1786.500000;1;654.150000;0;0.000000;0;0.000000;0;0.000000;25600.000000
"2015-12";810816;1664712;1;1685.840000;1;11549.540000;1;5909.250000;0;0.000000;0;0.000000;29200.000000
"2015-12";816856;1681646;0;0.000000;1;483.450000;0;0.000000;0;0.000000;0;0.000000;88480.000000
"2015-12";822348;1696338;0;0.000000;1;4451.050000;6;3761.100000;1;0.000000;0;0.000000;86800.000000
"2015-12";833032;1704006;0;0.000000;1;8328.900000;1;7188.900000;0;0.000000;0;0.000000;23360.000000
"2015-12";839911;1710676;0;0.000000;1;398.000000;2;338.300000;1;0.000000;0;0.000000;7000.000000
"2015-12";847074;1718106;0;0.000000;0;0.000000;0;0.000000;0;0.000000;0;0.000000;12100.000000
"2015-12";854272;1725139;1;128.000000;0;0.000000;0;0.000000;0;0.000000;0;0.000000;13000.000000
"2015-12";862148;1733234;0;0.000000;0;0.000000;0;0.000000;0;0.000000;0;0.000000;8000.000000
"2015-12";869184;1740153;1;410.220000;1;15400.290000;12;13494.520000;1;-51.450000;0;0.000000;153600.000000
"2015-12";876982;1748011;0;0.000000;0;0.000000;0;0.000000;0;0.000000;0;0.000000;50560.000000
"2015-12";887034;1757997;0;0.000000;0;0.000000;0;0.000000;0;0.000000;0;0.000000;12800.000000
"2015-12";891428;1761841;1;225.800000;1;6254.780000;4;3509.500000;0;0.000000;0;0.000000;12000.000000
"2015-12";897579;1768516;1;53.000000;1;1197.000000;2;1197.000000;0;0.000000;1;200.000000;4000.000000
"2015-12";903611;1773835;1;4633.880000;0;0.000000;0;0.000000;0;0.000000;0;0.000000;35040.000000
"2015-12";908037;1778615;1;69.000000;0;0.000000;0;0.000000;0;0.000000;0;0.000000;63200.000000
"2015-12";915339;1786752;0;0.000000;0;0.000000;0;0.000000;0;0.000000;0;0.000000;77880.000000
"2015-12";921663;1792507;1;429.930000;1;3630.260000;6;3100.140000;0;0.000000;0;0.000000;23360.000000
"2015-12";927091;1798276;1;586.000000;1;799.000000;1;799.000000;0;0.000000;0;0.000000;38400.000000
"2015-12";934576;1805540;0;0.000000;1;8244.500000;0;0.000000;1;0.000000;1;3300.000000;21000.000000
"2015-12";939859;1810677;1;71.450000;1;2604.860000;3;2604.860000;0;0.000000;0;0.000000;25600.000000
"2015-12";946921;1817351;0;0.000000;1;2573.000000;2;1587.000000;0;0.000000;0;0.000000;29200.000000
"2015-12";953668;1824650;0;0.000000;1;687.000000;1;437.000000;0;0.000000;0;0.000000;19200.000000
"2015-12";961728;1832901;0;0.000000;0;0.000000;0;0.000000;0;0.000000;0;0.000000;50560.000000
"2015-12";969412;1840694;1;770.000000;0;0.000000;0;0.000000;0;0.000000;0;0.000000;35040.000000
"2015-12";977206;1848653;1;35.400000;0;0.000000;0;0.000000;0;0.000000;0;0.000000;29200.000000
"2015-12";985019;1856208;0;0.000000;0;0.000000;0;0.000000;0;0.000000;0;0.000000;40880.000000
"2015-12";992420;1863390;1;933.000000;1;11702.270000;2;10759.480000;0;0.000000;0;0.000000;63200.000000
"2015-12";1000008;1870930;1;175.000000;1;2550.960000;6;2305.980000;1;0.000000;0;0.000000;50560.000000
"2015-12";1008482;1879446;1;763.000000;1;179.970000;0;0.000000;0;0.000000;0;0.000000;16000.000000
"2015-12";1015430;1886244;1;88.000000;1;600.000000;1;600.000000;0;0.000000;0;0.000000;19200.000000
"2015-12";1022882;1893855;1;254.000000;0;0.000000;0;0.000000;0;0.000000;0;0.000000;29200.000000
"2015-12";1029010;1900216;0;0.000000;0;0.000000;0;0.000000;0;0.000000;0;0.000000;22000.000000
"2015-12";1036291;1907021;1;59.730000;1;3493.050000;0;0.000000;0;0.000000;0;0.000000;35040.000000
"2015-12";1042948;1913716;0;0.000000;1;9405.260000;3;933.300000;1;0.000000;0;0.000000;63200.000000
"2015-12";1050241;1922685;0;0.000000;1;4765.220000;3;4765.220000;1;0.000000;0;0.000000;35040.000000
"2015-12";1060895;1931955;0;0.000000;1;999.000000;1;999.000000;0;0.000000;0;0.000000;23360.000000
"2015-12";1069149;1940392;1;1232.420000;1;10627.850000;11;9141.180000;1;-7.400000;0;0.000000;29200.000000
"2015-12";1075663;1946221;0;0.000000;1;1699.000000;3;1659.000000;0;0.000000;0;0.000000;6000.000000
"2015-12";1081664;1952613;0;0.000000;0;0.000000;0;0.000000;0;0.000000;0;0.000000;8000.000000
"2015-12";1088026;1959230;0;0.000000;1;5200.000000;3;4880.000000;0;0.000000;0;0.000000;16000.000000
"2015-12";1094493;1965354;0;0.000000;0;0.000000;0;0.000000;0;0.000000;0;0.000000;5000.000000
"2015-12";1102120;1973101;0;0.000000;0;0.000000;0;0.000000;0;0.000000;0;0.000000;115880.000000
"2015-12";1106976;1977956;1;218.370000;0;0.000000;0;0.000000;0;0.000000;0;0.000000;35040.000000
"2015-12";1115072;1986081;1;1359.000000;1;765.000000;0;0.000000;0;0.000000;0;0.000000;12000.000000
"2015-12";1122270;1993255;1;180.500000;1;6152.560000;4;5695.390000;1;0.000000;0;0.000000;25860.000000
"2015-12";1129269;2000261;0;0.000000;1;4163.990000;5;3753.000000;0;0.000000;0;0.000000;40880.000000
"2015-12";1136370;2007513;1;5587.410000;1;6546.500000;3;3927.750000;1;75.000000;0;0.000000;35040.000000
"2015-12";1143302;2014289;0;0.000000;1;2530.840000;12;4230.840000;0;0.000000;1;1700.000000;46200.000000
"2015-12";1151051;2022194;1;202.500000;1;3069.270000;5;2239.100000;0;0.000000;0;0.000000;6000.000000
"2015-12";1158239;2029224;1;55.900000;1;2011.900000;1;1430.000000;0;0.000000;0;0.000000;10000.000000
"2015-12";1172965;2043964;0;0.000000;1;1757.480000;3;1757.480000;0;0.000000;0;0.000000;35040.000000
"2015-12";1189840;2060839;0;0.000000;1;1646.200000;2;968.000000;0;0.000000;0;0.000000;19200.000000
"2015-12";1199960;2070949;1;75.000000;1;5056.050000;6;4768.050000;1;0.000000;0;0.000000;35040.000000
"2015-12";1208308;2079325;0;0.000000;1;8440.380000;9;8035.130000;0;0.000000;0;0.000000;29200.000000
"2015-12";1214483;2085523;0;0.000000;0;0.000000;0;0.000000;0;0.000000;0;0.000000;3000.000000
"2015-12";1221871;2093225;0;0.000000;0;0.000000;0;0.000000;0;0.000000;0;0.000000;8000.000000
"2015-12";1228368;2099399;0;0.000000;1;8209.540000;3;5079.800000;0;0.000000;0;0.000000;25600.000000
"2015-12";1234899;2105930;1;130.000000;0;0.000000;0;0.000000;0;0.000000;0;0.000000;63280.000000
"2015-12";1241223;2112542;1;46.480000;1;3749.000000;1;3654.000000;0;0.000000;0;0.000000;88480.000000
"2015-12";1248350;2119254;1;30.000000;0;0.000000;0;0.000000;0;0.000000;0;0.000000;8000.000000
"2015-12";1254139;2125260;1;584.280000;1;438.200000;0;0.000000;0;0.000000;0;0.000000;2000.000000
"2015-12";1259902;2130940;1;72.000000;1;869.600000;2;869.600000;0;0.000000;0;0.000000;12800.000000
"2015-12";1265392;2136506;1;211.620000;1;3275.000000;5;2790.000000;0;0.000000;0;0.000000;16000.000000
"2015-12";1272756;2143791;0;0.000000;1;17464.070000;7;17459.310000;1;0.000000;0;0.000000;29200.000000
"2015-12";1281427;2152462;0;0.000000;1;35.400000;0;0.000000;0;0.000000;0;0.000000;88480.000000
"2015-12";1287910;2159223;1;16.000000;0;0.000000;0;0.000000;0;0.000000;0;0.000000;10000.000000
"2015-12";1296817;2167854;1;62.000000;1;5855.300000;2;5855.300000;0;0.000000;0;0.000000;29200.000000
"2015-12";1302727;2173770;1;253.810000;1;1209.310000;3;1209.310000;0;0.000000;0;0.000000;5000.000000
"2015-12";1307273;2178317;0;0.000000;0;0.000000;0;0.000000;0;0.000000;0;0.000000;10500.000000
"2015-12";1314731;2185771;1;1150.800000;0;0.000000;0;0.000000;0;0.000000;0;0.000000;2000.000000
"2015-12";1321383;2192428;0;0.000000;0;0.000000;0;0.000000;0;0.000000;0;0.000000;2000.000000
"2015-12";1328144;2199186;1;100.000000;1;3964.750000;5;4111.750000;0;0.000000;0;0.000000;7000.000000
"2015-12";1334972;2206011;0;0.000000;1;292.660000;0;0.000000;0;0.000000;0;0.000000;5000.000000
"2015-12";1343217;2215077;0;0.000000;0;0.000000;0;0.000000;0;0.000000;0;0.000000;8000.000000
"2015-12";1348943;2220756;0;0.000000;0;0.000000;0;0.000000;0;0.000000;0;0.000000;22400.000000
"2015-12";1354485;2225397;1;136.000000;1;751.660000;1;400.000000;0;0.000000;0;0.000000;7000.000000
"2015-12";1361928;2232483;0;0.000000;1;438.000000;1;279.000000;0;0.000000;0;0.000000;8000.000000
"2015-12";1370957;2242245;0;0.000000;0;0.000000;0;0.000000;0;0.000000;0;0.000000;6000.000000
"2015-12";1376808;2248003;0;0.000000;0;0.000000;0;0.000000;0;0.000000;0;0.000000;12800.000000
"2015-12";1384564;2255605;0;0.000000;1;55.750000;0;0.000000;0;0.000000;0;0.000000;12000.000000
"2015-12";1393042;2264820;0;0.000000;0;0.000000;0;0.000000;0;0.000000;0;0.000000;19200.000000
"2015-12";1398944;2271997;1;557.000000;1;3055.350000;2;3055.350000;0;0.000000;0;0.000000;6000.000000
"2015-12";1407044;2279269;0;0.000000;0;0.000000;0;0.000000;0;0.000000;0;0.000000;5000.000000
"2015-12";1415428;2286605;0;0.000000;1;363.000000;2;363.000000;0;0.000000;0;0.000000;8000.000000
"2015-12";1421089;2292721;1;54.000000;0;0.000000;0;0.000000;0;0.000000;0;0.000000;6000.000000
"2015-12";1429680;2302055;1;3810.560000;1;3850.740000;4;2504.580000;1;0.000000;0;0.000000;128000.000000
"2015-12";1436324;2312241;0;0.000000;1;7600.000000;1;7600.000000;0;0.000000;0;0.000000;7000.000000
"2015-12";1442538;2315089;1;870.450000;1;12317.250000;8;9819.500000;1;0.000000;0;0.000000;35040.000000
"2015-12";1449423;2321776;0;0.000000;1;2102.900000;3;1517.900000;0;0.000000;0;0.000000;61200.000000
"2015-12";1455709;2329018;0;0.000000;1;92.000000;0;0.000000;0;0.000000;0;0.000000;23360.000000
"2015-12";1460237;2332941;1;62.000000;1;1301.100000;2;950.000000;0;0.000000;0;0.000000;29200.000000
"2015-12";1466005;2338864;0;0.000000;1;5793.000000;3;5793.000000;0;0.000000;0;0.000000;40880.000000
"2015-12";1471687;2344536;1;133.900000;0;0.000000;0;0.000000;0;0.000000;0;0.000000;8000.000000
"2015-12";1478174;2351702;0;0.000000;0;0.000000;0;0.000000;0;0.000000;0;0.000000;5000.000000
"2015-12";1483676;2357217;1;229.930000;0;0.000000;0;0.000000;0;0.000000;0;0.000000;1000.000000
"2015-12";1489208;2362805;0;0.000000;0;0.000000;0;0.000000;0;0.000000;0;0.000000;8000.000000
"2015-12";1496466;2369974;0;0.000000;0;0.000000;0;0.000000;0;0.000000;0;0.000000;3000.000000
"2015-12";1501677;2374963;1;220.480000;1;258.830000;2;220.010000;1;-38.820000;0;0.000000;2500.000000
"2015-12";1508082;2382466;1;1832.400000;0;0.000000;0;0.000000;0;0.000000;0;0.000000;19200.000000
"2015-12";1513009;2386625;1;1235.330000;1;5281.780000;0;0.000000;0;0.000000;0;0.000000;153600.000000
"2015-12";1519047;2392836;0;0.000000;0;0.000000;0;0.000000;0;0.000000;0;0.000000;16000.000000
"2015-12";1523915;2398053;1;669.140000;0;0.000000;0;0.000000;0;0.000000;0;0.000000;12000.000000
"2015-12";1530297;2405729;1;500.820000;1;5736.750000;3;5736.750000;0;0.000000;0;0.000000;128000.000000
"2015-12";1532050;2406479;1;1360.820000;1;500.000000;1;500.000000;0;0.000000;0;0.000000;75840.000000
"2015-12";1533648;2407931;1;124.450000;1;1900.770000;0;0.000000;0;0.000000;0;0.000000;3500.000000
"2015-12";1535179;2410135;1;29.900000;1;4308.730000;1;180.000000;0;0.000000;0;0.000000;128000.000000
"2015-12";1539023;2413686;1;2534.050000;1;3200.000000;1;3200.000000;0;0.000000;0;0.000000;42000.000000
"2015-12";1544855;2419057;1;191.000000;1;200.000000;0;0.000000;0;0.000000;0;0.000000;2500.000000
"2015-12";1553828;2992305;0;0.000000;1;6287.740000;7;6092.740000;1;0.000000;0;0.000000;63200.000000
"2015-12";1561729;2902688;0;0.000000;1;6329.550000;5;6329.550000;0;0.000000;0;0.000000;8000.000000
"2015-12";1569242;2816368;0;0.000000;1;80.000000;0;0.000000;0;0.000000;0;0.000000;58560.000000
"2015-12";1577284;2726887;0;0.000000;0;0.000000;0;0.000000;0;0.000000;0;0.000000;6000.000000
"2015-12";1585261;2640751;1;69.990000;1;450.000000;1;450.000000;0;0.000000;0;0.000000;23360.000000
"2015-12";1593089;2559359;0;0.000000;1;3252.000000;2;3252.000000;0;0.000000;0;0.000000;153600.000000
"2015-12";1600979;2477737;0;0.000000;1;1846.990000;2;1769.000000;0;0.000000;0;0.000000;12800.000000
"2015-12";1608743;2424898;1;891.570000;1;2268.780000;6;2102.100000;0;0.000000;0;0.000000;3000.000000
"2015-12";1616544;2432976;1;2762.000000;1;4973.140000;2;2238.000000;0;0.000000;0;0.000000;35040.000000
"2015-12";1624636;2443014;0;0.000000;0;0.000000;0;0.000000;0;0.000000;0;0.000000;35040.000000
"2015-12";1632009;2453366;1;1972.500000;1;3431.490000;4;3414.800000;0;0.000000;0;0.000000;42880.000000
"2015-12";1639800;2460911;0;0.000000;1;3244.800000;6;2595.840000;1;0.000000;0;0.000000;29200.000000
"2015-12";1647621;2468461;0;0.000000;0;0.000000;0;0.000000;0;0.000000;0;0.000000;58560.000000
"2015-12";1655472;2478355;0;0.000000;1;5325.520000;1;5077.520000;0;0.000000;0;0.000000;10000.000000
"2015-12";1663151;2486034;1;320.000000;0;0.000000;0;0.000000;0;0.000000;0;0.000000;56000.000000
"2015-12";1671310;2496503;0;0.000000;1;2169.170000;1;186.540000;0;0.000000;0;0.000000;40880.000000
"2015-12";1679066;2507156;1;305.940000;1;478.290000;1;478.290000;0;0.000000;0;0.000000;19200.000000
"2015-12";1686552;2514042;1;366.320000;1;982.360000;3;729.450000;1;0.000000;0;0.000000;8500.000000
"2015-12";1694530;2522613;1;77.000000;1;3033.790000;5;3104.390000;0;0.000000;0;0.000000;4000.000000
"2015-12";1702663;2534338;0;0.000000;0;0.000000;0;0.000000;0;0.000000;0;0.000000;40880.000000
"2015-12";1710519;2541361;0;0.000000;1;4661.750000;2;4661.750000;0;0.000000;0;0.000000;23360.000000
"2015-12";1718245;2549874;0;0.000000;1;35.000000;0;0.000000;0;0.000000;0;0.000000;22000.000000
"2015-12";1726048;2559581;1;1173.880000;1;23756.800000;12;21862.580000;1;0.000000;0;0.000000;128000.000000
"2015-12";1733335;2567693;1;477.070000;1;16140.000000;0;0.000000;0;0.000000;0;0.000000;50560.000000
"2015-12";1741077;2577111;1;219.500000;1;764.780000;6;367.760000;1;0.000000;0;0.000000;50560.000000
"2015-12";1748506;2586208;0;0.000000;1;71501.180000;7;37096.940000;1;-313.500000;0;0.000000;32000.000000
"2015-12";1756235;2593605;0;0.000000;1;5249.000000;2;5249.000000;0;0.000000;0;0.000000;40880.000000
"2015-12";1764295;2602553;0;0.000000;1;4909.290000;4;3917.620000;1;-81.130000;0;0.000000;40880.000000
"2015-12";1772378;2612509;0;0.000000;1;662.170000;0;0.000000;0;0.000000;0;0.000000;5000.000000
"2015-12";1779998;2620118;0;0.000000;1;4515.960000;3;2688.030000;0;0.000000;0;0.000000;35040.000000
"2015-12";1787666;2630156;0;0.000000;1;250.000000;0;0.000000;0;0.000000;0;0.000000;1500.000000
"2015-12";1795466;2637117;1;268.000000;1;24320.620000;11;16395.370000;1;237.000000;0;0.000000;153600.000000
"2015-12";1803315;2647193;0;0.000000;1;28173.210000;4;5917.600000;1;0.000000;0;0.000000;102400.000000
"2015-12";1810990;2656687;1;1269.610000;0;0.000000;0;0.000000;0;0.000000;0;0.000000;79880.000000
"2015-12";1818698;2666460;0;0.000000;1;2737.480000;3;1035.800000;1;-134.680000;0;0.000000;38240.000000
"2015-12";1826495;2674094;0;0.000000;0;0.000000;0;0.000000;0;0.000000;0;0.000000;36260.000000
"2015-12";1834100;2681908;1;180.750000;1;7091.890000;7;5925.000000;1;0.000000;0;0.000000;75840.000000
"2015-12";1841635;2691042;0;0.000000;0;0.000000;0;0.000000;0;0.000000;0;0.000000;29200.000000
"2015-12";1849290;2698321;1;66.010000;1;11846.300000;11;11793.100000;0;0.000000;0;0.000000;5000.000000
"2015-12";1857148;2708320;1;81.500000;1;3872.900000;2;3079.900000;0;0.000000;0;0.000000;35040.000000
"2015-12";1864925;2716499;0;0.000000;0;0.000000;0;0.000000;0;0.000000;0;0.000000;14000.000000
"2015-12";1872725;2726364;0;0.000000;0;0.000000;0;0.000000;0;0.000000;0;0.000000;16000.000000
"2015-12";1880600;2737989;0;0.000000;0;0.000000;0;0.000000;0;0.000000;0;0.000000;23360.000000
"2015-12";1887953;2743146;0;0.000000;0;0.000000;0;0.000000;0;0.000000;0;0.000000;25600.000000
"2015-12";1895606;2751704;0;0.000000;1;7999.020000;1;7999.020000;0;0.000000;0;0.000000;12800.000000
"2015-12";1903528;2761516;0;0.000000;0;0.000000;0;0.000000;0;0.000000;0;0.000000;14000.000000
"2015-12";1911431;2769907;0;0.000000;1;7799.930000;2;7219.930000;0;0.000000;0;0.000000;12000.000000
"2015-12";1919096;2779303;0;0.000000;1;3720.220000;2;2643.000000;0;0.000000;0;0.000000;5000.000000
"2015-12";1927059;2789511;0;0.000000;1;1168.070000;1;1168.070000;0;0.000000;0;0.000000;12000.000000
"2015-12";1934735;2798145;0;0.000000;1;1112.000000;2;6218.840000;0;0.000000;0;0.000000;8000.000000
"2015-12";1942602;2805342;0;0.000000;1;1974.980000;4;1974.980000;1;263.960000;0;0.000000;25600.000000
"2015-12";1950388;2814641;0;0.000000;1;2186.660000;0;0.000000;0;0.000000;0;0.000000;4000.000000
"2015-12";1958208;2823074;0;0.000000;1;12891.000000;4;12929.000000;0;0.000000;0;0.000000;23360.000000
"2015-12";1966293;2831813;0;0.000000;0;0.000000;0;0.000000;0;0.000000;0;0.000000;22000.000000
"2015-12";1973992;2841963;1;985.700000;0;0.000000;0;0.000000;1;64.500000;0;0.000000;50560.000000
"2015-12";1981937;2852186;1;616.000000;1;9349.530000;10;5667.690000;1;-230.300000;0;0.000000;75840.000000
"2015-12";1989593;2858566;1;2024.100000;1;3525.160000;0;0.000000;0;0.000000;0;0.000000;50560.000000
"2015-12";1997303;2866742;1;70.480000;0;0.000000;0;0.000000;0;0.000000;0;0.000000;23360.000000
"2015-12";2005172;2875004;0;0.000000;1;2298.980000;3;1757.490000;1;0.000000;0;0.000000;12000.000000
"2015-12";2012431;2884621;1;75.000000;0;0.000000;0;0.000000;0;0.000000;0;0.000000;3000.000000
"2015-12";2020354;2893097;0;0.000000;1;7.990000;0;0.000000;0;0.000000;0;0.000000;140000.000000
"2015-12";2028313;2902173;1;1470.000000;1;4717.700000;2;3753.540000;1;-938.380000;0;0.000000;38400.000000
"2015-12";2036359;2910907;1;498.980000;1;544.200000;0;0.000000;0;0.000000;0;0.000000;25600.000000
"2015-12";2044546;2920804;1;419.000000;0;0.000000;0;0.000000;0;0.000000;0;0.000000;57440.000000
"2015-12";2052197;2929387;1;754.110000;1;599.210000;1;579.000000;0;0.000000;0;0.000000;12800.000000
"2015-12";2060130;2937704;0;0.000000;1;6126.530000;0;0.000000;0;0.000000;0;0.000000;19200.000000
"2015-12";2068226;2947077;1;914.000000;0;0.000000;0;0.000000;0;0.000000;0;0.000000;23360.000000
"2015-12";2075924;2960796;0;0.000000;0;0.000000;0;0.000000;0;0.000000;0;0.000000;38400.000000
"2015-12";2083779;2964964;1;702.000000;1;3374.000000;4;3327.500000;1;101.850000;1;3200.000000;16000.000000
"2015-12";2091598;2974160;1;1293.120000;1;146.000000;0;0.000000;0;0.000000;0;0.000000;63200.000000
"2015-12";2099795;2984243;0;0.000000;1;313.590000;0;0.000000;0;0.000000;0;0.000000;10000.000000
"2015-12";2107952;2994069;0;0.000000;1;1993.000000;2;1993.000000;0;0.000000;0;0.000000;25600.000000
"2015-12";2115632;3001568;0;0.000000;1;4013.800000;0;0.000000;1;-632.910000;0;0.000000;38400.000000
"2015-12";2123831;3010431;0;0.000000;1;462.730000;0;0.000000;0;0.000000;0;0.000000;35040.000000
"2015-12";2131914;3018897;0;0.000000;0;0.000000;0;0.000000;0;0.000000;0;0.000000;29200.000000
"2015-12";2139471;3028390;1;1354.590000;1;549.270000;0;0.000000;1;0.000000;0;0.000000;102400.000000
"2015-12";2147765;3037462;1;645.000000;1;16683.450000;11;12618.700000;0;0.000000;0;0.000000;40880.000000
"2015-12";2174247;3048480;1;59.000000;1;3338.290000;1;734.000000;0;0.000000;0;0.000000;29200.000000
"2015-12";2180218;3055317;1;30.000000;1;695.000000;1;695.000000;0;0.000000;0;0.000000;3000.000000
"2015-12";2187604;3063309;1;37.200000;1;4501.210000;6;4644.250000;1;58.000000;0;0.000000;16000.000000
"2015-12";2195102;3070018;0;0.000000;0;0.000000;0;0.000000;0;0.000000;0;0.000000;16000.000000
"2015-12";2203157;3078804;0;0.000000;0;0.000000;0;0.000000;0;0.000000;0;0.000000;10000.000000
"2015-12";2208295;3084176;0;0.000000;0;0.000000;0;0.000000;0;0.000000;0;0.000000;19200.000000
"2015-12";2214298;3090566;0;0.000000;1;1103.800000;0;0.000000;0;0.000000;0;0.000000;10000.000000
"2015-12";2221704;3097450;1;1145.650000;1;1661.750000;1;1661.750000;0;0.000000;0;0.000000;16000.000000
"2015-12";2228344;3104732;0;0.000000;0;0.000000;0;0.000000;0;0.000000;0;0.000000;19200.000000
"2015-12";2234038;3111568;0;0.000000;0;0.000000;0;0.000000;0;0.000000;0;0.000000;12000.000000
"2015-12";2240702;3117030;0;0.000000;0;0.000000;0;0.000000;0;0.000000;0;0.000000;29200.000000
"2015-12";2248402;3124799;1;2449.270000;1;12459.520000;11;8667.610000;1;35.430000;0;0.000000;75840.000000
"2015-12";2254528;3132177;1;570.610000;1;995.000000;2;895.500000;1;-99.500000;0;0.000000;19200.000000
"2015-12";2260663;3137151;1;861.040000;1;2905.440000;1;2895.000000;0;0.000000;0;0.000000;17750.000000
"2015-12";2268456;3145203;0;0.000000;1;138.000000;0;0.000000;0;0.000000;0;0.000000;10000.000000
"2015-12";2275284;3152750;0;0.000000;1;999.000000;1;999.000000;0;0.000000;0;0.000000;29200.000000
"2015-12";2283957;3161290;0;0.000000;0;0.000000;0;0.000000;0;0.000000;0;0.000000;9000.000000
"2015-12";2291363;3169201;0;0.000000;1;1399.000000;1;759.000000;0;0.000000;0;0.000000;29200.000000
"2015-12";2297234;3175713;0;0.000000;1;545.000000;2;490.500000;1;0.000000;0;0.000000;23360.000000
"2015-12";2305254;3183296;0;0.000000;0;0.000000;0;0.000000;0;0.000000;0;0.000000;6000.000000
"2015-12";2313120;3191714;0;0.000000;0;0.000000;0;0.000000;0;0.000000;0;0.000000;10000.000000
"2015-12";2320065;3199123;1;859.820000;1;6480.460000;3;3700.000000;1;0.000000;0;0.000000;35040.000000
"2015-12";2327984;3205939;1;3794.920000;1;2253.150000;3;2193.150000;0;0.000000;0;0.000000;23360.000000
"2015-12";2334578;3213427;1;221.000000;0;0.000000;0;0.000000;0;0.000000;0;0.000000;5500.000000
"2015-12";2340773;3219571;0;0.000000;0;0.000000;0;0.000000;0;0.000000;0;0.000000;44800.000000
"2015-12";2348814;3228583;0;0.000000;1;298.000000;0;0.000000;1;0.000000;0;0.000000;35040.000000
"2015-12";2355347;3235029;0;0.000000;1;1500.000000;1;1500.000000;0;0.000000;0;0.000000;19200.000000
"2015-12";2362617;3242028;1;5336.350000;1;3243.290000;6;4403.710000;0;0.000000;1;3100.000000;16000.000000
"2015-12";2370090;3249835;0;0.000000;1;1388.130000;2;1139.000000;0;0.000000;0;0.000000;16000.000000
"2015-12";2375401;3253673;1;431.000000;1;1030.630000;2;597.830000;0;0.000000;0;0.000000;1000.000000
"2015-12";2382009;3261411;0;0.000000;1;568.580000;1;354.510000;0;0.000000;0;0.000000;14000.000000
"2015-12";2390665;3270409;1;765.000000;1;2883.030000;1;978.490000;0;0.000000;0;0.000000;19000.000000
"2015-12";2862336;3275675;0;0.000000;0;0.000000;0;0.000000;0;0.000000;0;0.000000;19200.000000
"2015-12";2868449;3281829;0;0.000000;1;2400.000000;1;2400.000000;0;0.000000;0;0.000000;19200.000000
"2015-12";2876932;3288500;0;0.000000;0;0.000000;0;0.000000;0;0.000000;0;0.000000;10000.000000
"2015-12";2885328;3295003;0;0.000000;1;4388.530000;6;4238.530000;1;0.000000;0;0.000000;19200.000000
"2015-12";2894145;3302397;1;1264.000000;1;3474.240000;4;2691.900000;1;0.000000;0;0.000000;7000.000000
"2015-12";2903954;3309939;1;128.400000;0;0.000000;0;0.000000;0;0.000000;0;0.000000;7000.000000
"2015-12";2912124;3316696;0;0.000000;1;500.000000;0;0.000000;0;0.000000;0;0.000000;4000.000000
"2015-12";2922467;3324776;0;0.000000;1;1710.440000;2;1710.440000;0;0.000000;0;0.000000;14000.000000
"2015-12";2932067;3333070;1;273.670000;1;5585.200000;4;7145.830000;1;0.000000;1;500.000000;102400.000000
"2015-12";2942137;3340879;0;0.000000;1;3427.740000;3;1906.730000;0;0.000000;0;0.000000;22400.000000
"2015-12";2952224;3348917;0;0.000000;1;4526.890000;0;0.000000;0;0.000000;0;0.000000;50560.000000
"2015-12";2963785;3358310;0;0.000000;1;837.850000;0;0.000000;0;0.000000;1;2800.000000;14000.000000
"2015-12";2974128;3366536;0;0.000000;1;31647.000000;3;31647.000000;0;0.000000;0;0.000000;60880.000000
"2015-12";2986973;3375490;0;0.000000;1;68.640000;0;0.000000;0;0.000000;0;0.000000;12000.000000
"2015-12";2996395;3383588;1;57.000000;0;0.000000;0;0.000000;0;0.000000;0;0.000000;3000.000000
"2015-12";3007326;3392077;0;0.000000;1;1738.000000;1;1738.000000;0;0.000000;0;0.000000;22400.000000
"2015-12";3015254;3399020;1;827.000000;0;0.000000;0;0.000000;0;0.000000;0;0.000000;23360.000000
"2015-12";3024365;3406118;0;0.000000;1;4663.000000;4;4463.000000;0;0.000000;0;0.000000;8000.000000
"2015-12";3032330;3412165;1;77.000000;1;2398.000000;1;2398.000000;0;0.000000;0;0.000000;5000.000000
"2015-12";3041158;3419287;0;0.000000;0;0.000000;0;0.000000;0;0.000000;0;0.000000;7000.000000
"2015-12";3049801;3426858;0;0.000000;1;416.700000;0;0.000000;0;0.000000;0;0.000000;12000.000000
"2015-12";3058624;3433472;1;35.400000;1;1450.000000;1;1450.000000;0;0.000000;0;0.000000;40880.000000
"2015-12";3067538;3440625;1;288.430000;0;0.000000;0;0.000000;0;0.000000;0;0.000000;39400.000000
"2015-12";3077493;3449652;0;0.000000;0;0.000000;0;0.000000;0;0.000000;0;0.000000;10000.000000
"2015-12";3088241;3458581;0;0.000000;1;25156.210000;21;21441.370000;1;-2772.430000;0;0.000000;307200.000000
"2015-12";3097081;3465780;0;0.000000;0;0.000000;0;0.000000;0;0.000000;0;0.000000;121600.000000
"2015-12";3106048;3474828;0;0.000000;0;0.000000;0;0.000000;0;0.000000;0;0.000000;7300.000000
"2015-12";3118172;5005200;1;107.000000;0;0.000000;0;0.000000;0;0.000000;0;0.000000;7000.000000
"2015-12";3129315;5019016;1;2981.120000;1;1455.690000;1;1400.000000;0;0.000000;0;0.000000;88480.000000
"2015-12";3137741;5030058;0;0.000000;1;18796.330000;1;1077.000000;0;0.000000;0;0.000000;60000.000000
"2015-12";3149545;5049542;1;262.790000;1;860.000000;2;731.000000;1;0.000000;0;0.000000;15000.000000
"2015-12";3156794;5058763;0;0.000000;1;1673.900000;0;0.000000;0;0.000000;0;0.000000;256000.000000
"2015-12";3163426;5068355;0;0.000000;1;1521.160000;1;920.000000;0;0.000000;0;0.000000;10000.000000
"2015-12";3169681;5080892;0;0.000000;1;152.000000;0;0.000000;0;0.000000;0;0.000000;19200.000000
"2015-12";3175382;5090324;0;0.000000;1;2726.900000;2;2726.900000;0;0.000000;0;0.000000;16000.000000
"2015-12";3181058;5095255;0;0.000000;0;0.000000;0;0.000000;0;0.000000;0;0.000000;19200.000000
"2015-12";3186689;5104095;0;0.000000;1;1281.170000;0;0.000000;0;0.000000;0;0.000000;19200.000000
"2015-12";3191949;5111685;1;46.480000;1;13070.330000;5;7326.020000;1;0.000000;0;0.000000;47360.000000
"2015-12";3197389;5120060;0;0.000000;1;5288.990000;5;4378.000000;0;0.000000;0;0.000000;102400.000000
"2015-12";3202934;5125412;1;248.350000;0;0.000000;0;0.000000;0;0.000000;0;0.000000;29200.000000
"2015-12";3208247;5133187;0;0.000000;1;4344.030000;0;0.000000;0;0.000000;0;0.000000;7000.000000
"2015-12";3213621;5140978;0;0.000000;1;2210.700000;0;0.000000;0;0.000000;0;0.000000;26800.000000
"2015-12";3218792;5144838;1;46.480000;1;950.000000;2;950.000000;1;0.000000;0;0.000000;25600.000000
"2015-12";3224509;5158636;1;4417.170000;1;6117.000000;10;5415.850000;1;0.000000;0;0.000000;153600.000000
"2015-12";3229953;5167405;0;0.000000;1;317.000000;1;317.000000;0;0.000000;0;0.000000;19200.000000
"2015-12";3235455;5170986;1;6899.000000;1;14167.990000;6;12648.000000;1;0.000000;0;0.000000;575840.000000
"2015-12";3240836;5179273;0;0.000000;1;3648.230000;3;3596.760000;0;0.000000;0;0.000000;35040.000000
"2015-12";3246326;5183545;1;66.010000;1;1530.780000;1;768.000000;0;0.000000;0;0.000000;19200.000000
"2015-12";3251356;5195256;0;0.000000;1;1089.000000;1;1089.000000;0;0.000000;0;0.000000;29200.000000
"2015-12";3256792;5200395;1;1365.390000;0;0.000000;0;0.000000;1;1090.540000;0;0.000000;39240.000000
"2015-12";3262099;5206319;1;59.000000;1;4675.000000;0;0.000000;0;0.000000;1;2000.000000;19200.000000
"2015-12";3267828;5217493;0;0.000000;1;623.690000;0;0.000000;0;0.000000;0;0.000000;19200.000000
"2015-12";3273498;5224597;0;0.000000;1;1027.690000;0;0.000000;1;0.000000;0;0.000000;35200.000000
"2015-12";3279079;5232339;0;0.000000;1;1994.580000;4;2001.570000;0;0.000000;0;0.000000;19200.000000
"2015-12";3285067;5239262;0;0.000000;0;0.000000;0;0.000000;0;0.000000;0;0.000000;50560.000000
"2015-12";3291681;5250786;0;0.000000;1;400.000000;0;0.000000;0;0.000000;0;0.000000;29200.000000
"2015-12";3304020;5264051;0;0.000000;1;13300.000000;2;13300.000000;1;0.000000;0;0.000000;16000.000000
"2015-12";3313645;5274369;1;132.120000;1;680.900000;2;680.900000;1;0.000000;0;0.000000;16800.000000
"2015-12";3320986;5288014;0;0.000000;1;716.110000;0;0.000000;0;0.000000;0;0.000000;6000.000000
"2015-12";3329786;5294184;0;0.000000;0;0.000000;0;0.000000;0;0.000000;0;0.000000;23360.000000
"2015-12";3338533;5313831;1;165.010000;0;0.000000;0;0.000000;0;0.000000;0;0.000000;10000.000000
"2015-12";3345552;5322963;0;0.000000;1;6075.030000;8;5677.930000;1;0.000000;0;0.000000;102400.000000
"2015-12";3352568;5332870;1;646.070000;0;0.000000;0;0.000000;0;0.000000;0;0.000000;40880.000000
"2015-12";3359530;5341607;0;0.000000;1;4695.310000;7;4633.750000;0;0.000000;0;0.000000;14000.000000
"2015-12";3366573;5352182;0;0.000000;1;2738.440000;3;2738.440000;0;0.000000;0;0.000000;29200.000000
"2015-12";3373322;5361229;0;0.000000;1;8982.480000;4;7698.250000;1;398.500000;0;0.000000;52640.000000
"2015-12";3380241;5368383;0;0.000000;1;350.000000;1;350.000000;1;195.000000;0;0.000000;63200.000000
"2015-12";3387092;5379991;0;0.000000;1;4202.150000;4;869.630000;1;89.070000;0;0.000000;29200.000000
"2015-12";3394007;5390789;0;0.000000;0;0.000000;0;0.000000;0;0.000000;0;0.000000;16000.000000
"2015-12";3401110;5396584;0;0.000000;1;4082.000000;4;4082.000000;0;0.000000;0;0.000000;53360.000000
"2015-12";3407794;5409971;0;0.000000;1;4054.570000;2;594.300000;1;305.200000;0;0.000000;12000.000000
"2015-12";3414635;5413024;0;0.000000;1;720.000000;1;720.000000;0;0.000000;0;0.000000;40880.000000
"2015-12";3421221;5426160;0;0.000000;1;2960.000000;4;2762.000000;1;359.200000;0;0.000000;19200.000000
"2015-12";3427580;5435199;1;1864.090000;1;5642.680000;5;3078.350000;1;963.820000;0;0.000000;35040.000000
"2015-12";3434279;5442678;0;0.000000;1;993.330000;4;757.240000;1;-189.590000;0;0.000000;60040.000000
"2015-12";3442633;5465753;0;0.000000;1;499.900000;1;499.900000;0;0.000000;0;0.000000;16000.000000
"2015-12";3450758;5485733;1;352.800000;1;1437.740000;2;1018.000000;1;78.510000;0;0.000000;31600.000000
"2015-12";3458268;5493350;1;59.000000;0;0.000000;0;0.000000;0;0.000000;0;0.000000;3000.000000
"2015-12";3466268;5504005;0;0.000000;1;6240.030000;6;5576.530000;0;0.000000;0;0.000000;22400.000000
"2015-12";3474746;5517594;1;745.250000;1;3974.390000;3;3009.390000;0;0.000000;0;0.000000;16000.000000
"2015-12";3492940;5387761;0;0.000000;1;1354.140000;3;1282.360000;0;0.000000;0;0.000000;23360.000000
"2015-12";3499743;5059855;0;0.000000;1;2158.300000;1;805.000000;0;0.000000;0;0.000000;153600.000000
"2015-12";3506768;5157776;1;44.220000;1;7.990000;0;0.000000;0;0.000000;0;0.000000;60560.000000
"2015-12";3513945;5079895;1;1785.000000;1;28572.700000;51;24250.750000;1;-813.900000;0;0.000000;63200.000000
"2015-12";3521078;5023567;0;0.000000;1;5481.350000;2;1356.000000;0;0.000000;0;0.000000;50560.000000
"2015-12";3528128;5479232;0;0.000000;1;2080.000000;2;1578.720000;1;-501.280000;0;0.000000;82200.000000
"2015-12";3535090;5246760;1;132.700000;1;16020.630000;9;15981.130000;1;0.000000;0;0.000000;35040.000000
"2015-12";3542191;5255440;1;267.110000;1;435.020000;0;0.000000;0;0.000000;0;0.000000;63200.000000
"2015-12";3549396;5099844;0;0.000000;1;48675.270000;14;22902.310000;0;0.000000;0;0.000000;204800.000000
"2015-12";3556092;5266282;0;0.000000;1;316.170000;0;0.000000;0;0.000000;0;0.000000;12000.000000
"2015-12";3562868;5117503;0;0.000000;0;0.000000;0;0.000000;0;0.000000;0;0.000000;23360.000000
"2015-12";3570084;5278854;0;0.000000;1;6328.810000;3;4241.710000;0;0.000000;0;0.000000;19200.000000
"2015-12";3576976;5033607;0;0.000000;0;0.000000;0;0.000000;0;0.000000;0;0.000000;16000.000000
"2015-12";3584128;5362492;1;132.000000;1;2036.070000;5;1166.000000;1;0.000000;0;0.000000;40880.000000
"2015-12";3612289;5522323;1;57.000000;1;851.010000;2;601.010000;0;0.000000;0;0.000000;12000.000000
"2015-12";3620032;5529107;1;30.000000;0;0.000000;0;0.000000;0;0.000000;0;0.000000;29200.000000
"2015-12";3628327;5539010;1;2627.760000;1;1277.290000;0;0.000000;0;0.000000;0;0.000000;44800.000000
"2015-12";3634747;5544186;0;0.000000;0;0.000000;0;0.000000;0;0.000000;0;0.000000;56200.000000
"2015-12";3641903;5552086;0;0.000000;1;16696.160000;6;13170.060000;1;0.000000;0;0.000000;54400.000000
"2015-12";3649119;5559558;0;0.000000;1;6886.220000;3;1395.960000;1;0.000000;0;0.000000;50560.000000
"2015-12";3655817;5568236;0;0.000000;1;3699.190000;2;2087.000000;0;0.000000;0;0.000000;5000.000000
"2015-12";3661862;5572832;0;0.000000;0;0.000000;0;0.000000;0;0.000000;0;0.000000;8000.000000
"2015-12";3666626;5586362;0;0.000000;0;0.000000;0;0.000000;0;0.000000;0;0.000000;19200.000000
"2015-12";3671296;5579585;0;0.000000;0;0.000000;0;0.000000;0;0.000000;0;0.000000;5000.000000
"2015-12";3676167;5578689;1;1644.310000;1;9925.230000;6;8919.000000;1;0.000000;0;0.000000;50560.000000
"2015-12";3681043;5596798;0;0.000000;1;4038.000000;3;3537.460000;1;-500.540000;0;0.000000;29200.000000
"2015-12";3685786;5591080;1;290.890000;1;1982.490000;3;1982.490000;0;0.000000;0;0.000000;4000.000000
"2015-12";3690743;5603651;0;0.000000;1;3042.780000;2;808.000000;0;0.000000;0;0.000000;5000.000000
"2015-12";3698693;5610829;1;46.480000;1;6966.820000;8;6949.750000;1;0.000000;0;0.000000;19200.000000
"2015-12";3707827;5618566;1;130.000000;0;0.000000;0;0.000000;0;0.000000;0;0.000000;67200.000000
"2015-12";3725269;5637431;0;0.000000;0;0.000000;0;0.000000;0;0.000000;0;0.000000;12000.000000
"2015-12";3742397;5661950;1;763.450000;1;3827.950000;1;648.700000;0;0.000000;0;0.000000;4000.000000
"2015-12";3768805;5685960;1;1053.110000;1;4540.750000;12;4257.750000;1;0.000000;0;0.000000;16000.000000
"2015-12";3788906;5710451;1;491.360000;1;8435.120000;5;8237.120000;1;0.000000;0;0.000000;40880.000000
"2015-12";3817131;5696926;1;1209.610000;1;1502.250000;3;1112.250000;0;0.000000;0;0.000000;7000.000000
"2015-12";3842779;5759191;0;0.000000;1;520.430000;1;199.000000;0;0.000000;0;0.000000;1500.000000
"2015-12";3874476;5788934;0;0.000000;1;2416.070000;3;1847.000000;0;0.000000;0;0.000000;17000.000000
"2015-12";3893897;5805040;1;711.950000;1;2268.000000;2;2041.200000;1;0.000000;0;0.000000;10000.000000
"2015-12";3906119;5811151;0;0.000000;1;17299.090000;10;17036.740000;0;0.000000;0;0.000000;16000.000000
"2015-12";3924483;5835152;0;0.000000;0;0.000000;0;0.000000;0;0.000000;0;0.000000;19200.000000
"2015-12";3931556;5845969;0;0.000000;0;0.000000;0;0.000000;0;0.000000;0;0.000000;13800.000000
"2015-12";3951769;5863388;0;0.000000;1;3599.000000;1;3599.000000;0;0.000000;0;0.000000;35040.000000
"2015-12";3964520;5876538;0;0.000000;1;4731.610000;8;4685.050000;1;0.000000;0;0.000000;50880.000000
"2015-12";3975615;5887626;0;0.000000;1;318.400000;1;318.400000;0;0.000000;0;0.000000;22400.000000
"2015-12";3983923;5894931;0;0.000000;1;2287.560000;4;1177.760000;0;0.000000;0;0.000000;5000.000000
"2015-12";3995653;5907083;0;0.000000;1;11.990000;0;0.000000;0;0.000000;0;0.000000;23360.000000
"2015-12";4003809;5915526;0;0.000000;0;0.000000;0;0.000000;0;0.000000;0;0.000000;4000.000000
"2015-12";4013693;5921911;0;0.000000;1;2198.000000;1;2198.000000;0;0.000000;0;0.000000;23360.000000
"2015-12";4021363;5932834;0;0.000000;1;7.990000;0;0.000000;0;0.000000;0;0.000000;8000.000000
"2015-12";4030013;5942483;0;0.000000;1;25273.710000;15;21146.560000;1;-2600.400000;0;0.000000;63200.000000
"2015-12";4034851;5946092;0;0.000000;0;0.000000;0;0.000000;0;0.000000;0;0.000000;8000.000000
"2015-12";4038898;5951149;1;90.000000;1;4800.260000;4;2415.100000;0;0.000000;0;0.000000;22400.000000
"2015-12";4051486;5963647;0;0.000000;1;620.000000;1;620.000000;0;0.000000;0;0.000000;35040.000000
"2015-12";4058691;5970973;1;107.820000;1;920.000000;1;920.000000;0;0.000000;0;0.000000;10000.000000
"2015-12";4066072;5978352;0;0.000000;1;1338.990000;10;1308.990000;1;0.000000;0;0.000000;10000.000000
"2015-12";4076713;5989961;1;451.750000;0;0.000000;0;0.000000;0;0.000000;0;0.000000;50880.000000
"2015-12";4083331;5996493;0;0.000000;1;12459.800000;4;11979.930000;1;0.000000;0;0.000000;23360.000000
"2015-12";4091994;6004266;1;1839.460000;1;205.370000;0;0.000000;0;0.000000;0;0.000000;19200.000000
"2015-12";4101826;6014522;1;458.630000;1;4579.000000;1;4499.000000;0;0.000000;0;0.000000;23360.000000
"2015-12";4110246;6022867;1;155.000000;1;7309.000000;2;7309.000000;0;0.000000;0;0.000000;23360.000000
"2015-12";4119446;6032090;1;2356.100000;1;666.990000;1;659.000000;0;0.000000;0;0.000000;23360.000000
"2015-12";4129021;6042004;1;132.000000;1;3840.150000;1;2575.000000;0;0.000000;0;0.000000;28800.000000
"2015-12";4135911;6049238;0;0.000000;1;3158.570000;1;690.300000;0;0.000000;0;0.000000;63200.000000
"2015-12";4144654;6057143;0;0.000000;0;0.000000;0;0.000000;0;0.000000;0;0.000000;35040.000000
"2015-12";4154427;6067147;0;0.000000;0;0.000000;0;0.000000;0;0.000000;0;0.000000;14000.000000
"2015-12";4162858;6076358;1;30.000000;1;3770.210000;2;3370.210000;0;0.000000;0;0.000000;50560.000000
"2015-12";4171711;6084957;0;0.000000;1;7054.000000;15;6775.190000;1;33.300000;0;0.000000;35040.000000
"2015-12";4179212;6092749;0;0.000000;0;0.000000;0;0.000000;0;0.000000;0;0.000000;3000.000000
"2015-12";4189857;6103538;0;0.000000;1;1826.910000;0;0.000000;1;188.100000;0;0.000000;29200.000000
"2015-12";4197645;6111430;1;1179.270000;1;843.950000;1;408.000000;0;0.000000;0;0.000000;6750.000000
"2015-12";4207900;6122132;0;0.000000;1;2738.940000;1;2738.940000;0;0.000000;0;0.000000;6000.000000
"2015-12";4225139;6140803;1;304.810000;1;6385.200000;8;4535.700000;1;120.540000;0;0.000000;12800.000000
"2015-12";4236405;6150355;1;50.400000;0;0.000000;0;0.000000;0;0.000000;0;0.000000;1500.000000
"2015-12";4243663;6160520;0;0.000000;0;0.000000;0;0.000000;0;0.000000;0;0.000000;19200.000000
"2015-12";4249933;6166260;0;0.000000;0;0.000000;0;0.000000;0;0.000000;0;0.000000;23360.000000
"2015-12";4257436;6171689;0;0.000000;1;707.500000;0;0.000000;0;0.000000;0;0.000000;2000.000000
"2015-12";4264211;6181560;0;0.000000;0;0.000000;0;0.000000;0;0.000000;0;0.000000;7000.000000
"2015-12";4272002;6188619;0;0.000000;1;11.100000;0;0.000000;0;0.000000;0;0.000000;22400.000000
"2015-12";4277382;6192715;1;877.950000;1;3795.420000;1;3795.420000;0;0.000000;0;0.000000;153600.000000
"2015-12";4283470;6208566;0;0.000000;0;0.000000;0;0.000000;0;0.000000;0;0.000000;50560.000000
"2015-12";4289237;6208108;1;2433.850000;1;3398.050000;0;0.000000;0;0.000000;0;0.000000;75840.000000
"2015-12";4294918;6219670;1;1147.340000;1;3206.060000;1;590.000000;0;0.000000;0;0.000000;19200.000000
"2015-12";4302200;6237682;0;0.000000;1;13998.630000;6;11746.680000;1;0.000000;0;0.000000;35040.000000
"2015-12";4308642;6245678;1;232.320000;1;2360.800000;0;0.000000;0;0.000000;0;0.000000;63200.000000
"2015-12";4314214;6245746;0;0.000000;1;115.750000;0;0.000000;0;0.000000;0;0.000000;23360.000000
"2015-12";4320088;6257685;1;488.220000;1;7374.680000;5;6396.990000;1;0.000000;0;0.000000;51200.000000
"2015-12";4327711;6266062;1;173.240000;1;6270.000000;2;6270.000000;0;0.000000;0;0.000000;13000.000000
"2015-12";4334398;6276378;0;0.000000;0;0.000000;0;0.000000;0;0.000000;0;0.000000;35040.000000
"2015-12";4339899;6289070;0;0.000000;1;9236.690000;19;6767.080000;1;0.000000;0;0.000000;63200.000000
"2015-12";4345176;6290432;0;0.000000;1;11953.900000;5;6753.000000;0;0.000000;0;0.000000;32000.000000
"2015-12";4350391;6296552;1;419.600000;0;0.000000;0;0.000000;0;0.000000;0;0.000000;24000.000000
"2015-12";4356030;6298106;1;840.910000;0;0.000000;0;0.000000;0;0.000000;0;0.000000;50560.000000
"2015-12";4361824;6307022;0;0.000000;1;860.000000;2;860.000000;0;0.000000;0;0.000000;19200.000000
"2015-12";4368739;6319073;1;108.670000;1;207.500000;0;0.000000;0;0.000000;0;0.000000;24000.000000
"2015-12";4375564;6325770;0;0.000000;1;546.140000;0;0.000000;0;0.000000;0;0.000000;34000.000000
"2015-12";4383241;6332730;1;1246.280000;1;6638.700000;5;6638.700000;0;0.000000;0;0.000000;40880.000000
"2015-12";4389878;6341472;0;0.000000;0;0.000000;0;0.000000;0;0.000000;0;0.000000;3000.000000
"2015-12";4397534;6343593;0;0.000000;1;2452.550000;1;2444.560000;0;0.000000;0;0.000000;35040.000000
"2015-12";4405008;6379642;1;487.980000;0;0.000000;0;0.000000;0;0.000000;0;0.000000;14000.000000
"2015-12";4412031;6378213;1;915.510000;1;2729.620000;1;640.080000;0;0.000000;0;0.000000;14000.000000
"2015-12";4418244;6385845;1;161.270000;1;1552.080000;0;0.000000;0;0.000000;0;0.000000;50560.000000
"2015-12";4423700;6403474;1;66.010000;0;0.000000;0;0.000000;0;0.000000;0;0.000000;19200.000000
"2015-12";4429683;6408287;1;656.000000;1;4965.090000;2;1110.000000;0;0.000000;0;0.000000;19200.000000
"2015-12";4435915;6427515;1;23.630000;1;2611.670000;1;2611.670000;0;0.000000;0;0.000000;40880.000000
"2015-12";4441431;6430654;0;0.000000;1;1670.000000;0;0.000000;0;0.000000;0;0.000000;29200.000000
"2015-12";4447682;6443527;1;225.600000;0;0.000000;0;0.000000;0;0.000000;0;0.000000;24000.000000
"2015-12";4453490;6448755;1;3940.470000;1;2784.910000;4;1809.000000;0;0.000000;0;0.000000;50560.000000
"2015-12";4460723;6455718;0;0.000000;1;7131.190000;1;2683.780000;0;0.000000;0;0.000000;10000.000000
"2015-12";4467614;6465097;1;178.200000;1;6641.850000;2;4481.000000;0;0.000000;0;0.000000;23360.000000
"2015-12";4473492;6473527;0;0.000000;1;1044.920000;2;758.550000;0;0.000000;0;0.000000;16000.000000
"2015-12";4481277;6485210;1;123.920000;1;5378.230000;0;0.000000;0;0.000000;0;0.000000;75840.000000
"2015-12";4488970;6493112;1;1532.500000;1;1514.000000;2;1514.000000;0;0.000000;0;0.000000;16000.000000
"2015-12";4496042;6495994;1;497.410000;1;990.000000;1;600.000000;0;0.000000;0;0.000000;54060.000000
"2015-12";4503928;6503656;0;0.000000;0;0.000000;0;0.000000;0;0.000000;0;0.000000;29200.000000
"2015-12";4511580;6537719;1;66.010000;1;2300.700000;5;2300.700000;0;0.000000;0;0.000000;6000.000000
"2015-12";4521372;6548396;1;116.000000;0;0.000000;0;0.000000;0;0.000000;0;0.000000;19200.000000
"2015-12";4528555;6555917;1;90.000000;1;400.000000;0;0.000000;0;0.000000;0;0.000000;19200.000000
"2015-12";4537115;6564659;0;0.000000;1;3488.110000;1;3488.110000;0;0.000000;0;0.000000;19200.000000
"2015-12";4546447;6574653;1;100.000000;1;610.000000;1;610.000000;0;0.000000;0;0.000000;8000.000000
"2015-12";4552365;6581003;0;0.000000;1;5269.200000;1;1800.000000;1;97.000000;0;0.000000;10000.000000
"2015-12";4558430;6587906;0;0.000000;1;3803.220000;3;3559.000000;0;0.000000;0;0.000000;14000.000000
"2015-12";4568633;6232972;0;0.000000;0;0.000000;0;0.000000;0;0.000000;0;0.000000;7000.000000
"2015-12";4614956;6522518;1;669.600000;1;5272.930000;10;4398.610000;1;0.000000;0;0.000000;35040.000000
"2015-12";4664304;6292996;0;0.000000;0;0.000000;0;0.000000;0;0.000000;0;0.000000;10000.000000
"2015-12";4704958;6604006;1;46.480000;0;0.000000;0;0.000000;0;0.000000;0;0.000000;4500.000000
"2015-12";4713475;6612302;1;866.540000;1;3615.700000;12;3434.720000;1;0.000000;0;0.000000;40000.000000
"2015-12";4720910;6619044;1;46.480000;1;3252.500000;4;3252.500000;0;0.000000;0;0.000000;66560.000000
"2015-12";4731258;6628082;1;30.000000;1;161.000000;0;0.000000;0;0.000000;0;0.000000;62360.000000
"2015-12";4741232;6639348;0;0.000000;1;1641.000000;1;995.000000;0;0.000000;0;0.000000;7000.000000
"2015-12";4749613;6648236;1;819.000000;0;0.000000;0;0.000000;0;0.000000;0;0.000000;12800.000000
"2015-12";5318146;6662320;0;0.000000;1;2642.000000;2;2642.000000;0;0.000000;0;0.000000;19200.000000
"2015-12";5336100;6678835;0;0.000000;1;563.080000;0;0.000000;0;0.000000;0;0.000000;5000.000000
"2015-12";5341790;6683113;1;37.620000;1;628.410000;2;523.410000;0;0.000000;0;0.000000;5000.000000
"2015-12";5351604;6692887;0;0.000000;1;629.730000;0;0.000000;0;0.000000;0;0.000000;32000.000000
"2015-12";5360980;6699658;1;77.080000;1;1278.000000;0;0.000000;0;0.000000;0;0.000000;10000.000000
"2015-12";5371948;6709712;1;24.000000;1;585.000000;1;385.000000;0;0.000000;0;0.000000;8000.000000
"2015-12";5380413;6716337;1;4146.650000;1;17166.910000;7;10894.930000;1;0.000000;0;0.000000;307200.000000
"2015-12";5387604;6722940;1;404.000000;1;2842.420000;4;2336.590000;1;0.000000;0;0.000000;39360.000000
"2015-12";5396496;6730380;1;158.000000;1;3853.830000;6;3154.550000;1;0.000000;0;0.000000;32000.000000
"2015-12";5409411;6742386;1;1607.270000;0;0.000000;0;0.000000;0;0.000000;0;0.000000;26000.000000
"2015-12";5419144;6750517;1;674.470000;1;986.000000;1;986.000000;0;0.000000;0;0.000000;6100.000000
"2015-12";5443307;6773694;0;0.000000;1;1892.620000;1;950.000000;0;0.000000;0;0.000000;16000.000000
"2015-12";5454538;6782843;0;0.000000;0;0.000000;0;0.000000;0;0.000000;0;0.000000;19200.000000
"2015-12";5464421;6792534;1;441.440000;1;450.000000;1;450.000000;0;0.000000;0;0.000000;40880.000000
"2015-12";5474261;6802057;1;80.000000;1;170.000000;2;170.000000;1;0.000000;0;0.000000;5000.000000
"2015-12";5487029;6812192;1;679.000000;1;580.000000;2;580.000000;0;0.000000;0;0.000000;35040.000000
"2015-12";5493884;6818731;0;0.000000;1;16065.010000;1;16065.010000;0;0.000000;0;0.000000;22400.000000
"2015-12";5502941;6825170;1;95.500000;1;3699.000000;5;3615.000000;1;0.000000;0;0.000000;23360.000000
"2015-12";5514615;6835995;0;0.000000;1;400.000000;0;0.000000;0;0.000000;0;0.000000;5000.000000
"2015-12";5522583;6841679;1;30.000000;1;670.000000;1;670.000000;1;169.250000;0;0.000000;6000.000000
"2015-12";5530656;6850891;0;0.000000;1;165.000000;1;165.000000;0;0.000000;0;0.000000;4000.000000
"2015-12";5538713;6858275;0;0.000000;0;0.000000;0;0.000000;0;0.000000;0;0.000000;29200.000000
"2015-12";5548238;6866143;1;101.220000;0;0.000000;0;0.000000;0;0.000000;0;0.000000;3000.000000
"2015-12";5555388;6871892;0;0.000000;0;0.000000;0;0.000000;0;0.000000;0;0.000000;8000.000000
"2015-12";5562094;6879167;0;0.000000;1;2663.520000;1;679.470000;0;0.000000;0;0.000000;19200.000000
"2015-12";5569709;6885605;1;53.000000;1;4410.000000;1;4210.000000;0;0.000000;0;0.000000;7000.000000
"2015-12";5579509;6895225;1;1032.200000;1;1490.000000;1;1490.000000;0;0.000000;0;0.000000;16000.000000
"2015-12";5587058;6901425;0;0.000000;0;0.000000;0;0.000000;0;0.000000;0;0.000000;6000.000000
"2015-12";5594739;6908482;0;0.000000;0;0.000000;0;0.000000;0;0.000000;0;0.000000;4000.000000
"2015-12";5603208;6915149;1;49.520000;1;1179.000000;2;1179.000000;0;0.000000;0;0.000000;4000.000000
"2015-12";5612352;6923568;0;0.000000;0;0.000000;0;0.000000;0;0.000000;0;0.000000;40880.000000
"2015-12";5620344;6931882;0;0.000000;1;5475.350000;6;3084.050000;1;0.000000;0;0.000000;31200.000000
"2015-12";5628692;6937866;1;77.000000;1;1650.000000;1;1650.000000;0;0.000000;0;0.000000;5000.000000
"2015-12";5639062;6944592;1;75.000000;0;0.000000;0;0.000000;0;0.000000;0;0.000000;6000.000000
"2015-12";5647126;6953114;0;0.000000;1;8000.000000;0;0.000000;0;0.000000;0;0.000000;40880.000000
"2015-12";5655930;6960091;0;0.000000;1;9997.920000;1;9997.920000;0;0.000000;0;0.000000;40880.000000
"2015-12";5665758;6978558;0;0.000000;1;1239.850000;5;1239.850000;1;0.000000;0;0.000000;7000.000000
"2015-12";5679695;6994691;1;24.000000;0;0.000000;0;0.000000;0;0.000000;0;0.000000;7000.000000
"2015-12";5688496;6996712;0;0.000000;0;0.000000;0;0.000000;0;0.000000;0;0.000000;1000.000000
"2015-12";5696939;6984199;0;0.000000;1;5675.770000;3;5675.770000;0;0.000000;0;0.000000;19200.000000
"2015-12";5708488;7043792;1;30.000000;1;3392.640000;0;0.000000;0;0.000000;0;0.000000;12800.000000
"2015-12";5720482;7046207;1;35.400000;1;1617.600000;0;0.000000;0;0.000000;0;0.000000;6000.000000
"2015-12";5732426;7032181;0;0.000000;1;2127.600000;6;1998.840000;1;0.000000;0;0.000000;10000.000000
"2015-12";5743881;7039848;1;35.400000;0;0.000000;0;0.000000;0;0.000000;0;0.000000;5000.000000
"2015-12";5752554;7062871;0;0.000000;0;0.000000;0;0.000000;0;0.000000;0;0.000000;1500.000000
"2015-12";5783505;7086418;0;0.000000;1;40136.520000;3;38789.130000;0;0.000000;0;0.000000;40880.000000
"2015-12";5846978;7096813;0;0.000000;1;6177.000000;8;4829.600000;1;294.000000;0;0.000000;50560.000000
"2015-12";5855780;7102428;0;0.000000;0;0.000000;0;0.000000;0;0.000000;0;0.000000;3000.000000
"2015-12";5867223;7115204;0;0.000000;1;1542.440000;1;1142.110000;0;0.000000;0;0.000000;29200.000000
"2015-12";5874742;7122105;0;0.000000;1;651.050000;2;375.000000;0;0.000000;0;0.000000;8000.000000
"2015-12";5882959;7129446;0;0.000000;1;10921.880000;5;10921.880000;1;0.000000;0;0.000000;19200.000000
"2015-12";5893802;7138911;0;0.000000;0;0.000000;0;0.000000;0;0.000000;0;0.000000;23360.000000
"2015-12";5902305;7145448;1;30.000000;0;0.000000;0;0.000000;0;0.000000;0;0.000000;7000.000000
"2015-12";5907406;7149588;0;0.000000;0;0.000000;0;0.000000;0;0.000000;0;0.000000;19200.000000
"2015-12";5944716;7169166;0;0.000000;1;9868.270000;8;8566.080000;0;0.000000;0;0.000000;51600.000000
"2015-12";5959827;7201134;1;46.480000;1;3174.550000;4;2056.000000;1;0.000000;0;0.000000;19200.000000
"2015-12";5967504;7207180;0;0.000000;0;0.000000;0;0.000000;0;0.000000;0;0.000000;22000.000000
"2015-12";5976368;7214384;1;1760.660000;1;6626.000000;3;6457.000000;0;0.000000;0;0.000000;19200.000000
"2015-12";5986884;7225038;0;0.000000;0;0.000000;0;0.000000;0;0.000000;0;0.000000;63200.000000
"2015-12";5996502;7232835;1;201.710000;1;1780.080000;1;700.000000;0;0.000000;0;0.000000;3500.000000
"2015-12";6002510;7239429;1;2100.000000;0;0.000000;0;0.000000;0;0.000000;0;0.000000;10000.000000
"2015-12";6010660;7244869;0;0.000000;1;4820.540000;8;3895.000000;1;0.000000;1;2200.000000;5000.000000
"2015-12";6022831;7256245;0;0.000000;1;1606.000000;1;1606.000000;0;0.000000;0;0.000000;14000.000000
"2015-12";6027341;7260109;0;0.000000;1;915.400000;1;880.000000;0;0.000000;0;0.000000;5400.000000
"2015-12";6035536;7266264;0;0.000000;1;23259.890000;4;23019.890000;1;0.000000;0;0.000000;29200.000000
"2015-12";6044319;7274208;0;0.000000;0;0.000000;0;0.000000;0;0.000000;0;0.000000;29200.000000
"2015-12";6054375;7282915;1;105.900000;1;745.000000;0;0.000000;0;0.000000;0;0.000000;40880.000000
"2015-12";6059970;7287547;0;0.000000;1;1145.000000;2;545.000000;0;0.000000;0;0.000000;4000.000000
"2015-12";6066798;7293692;1;1800.000000;0;0.000000;0;0.000000;0;0.000000;0;0.000000;63200.000000
"2015-12";6074397;7300344;0;0.000000;1;5063.500000;0;0.000000;1;0.000000;0;0.000000;29200.000000
"2015-12";6083076;7307311;0;0.000000;0;0.000000;0;0.000000;0;0.000000;0;0.000000;7500.000000
"2015-12";6091538;7314295;1;799.020000;1;1771.000000;1;1771.000000;0;0.000000;0;0.000000;35040.000000
"2015-12";6095306;7316769;1;118.700000;1;1370.000000;0;0.000000;0;0.000000;0;0.000000;1000.000000
"2015-12";6103227;7325347;0;0.000000;1;5115.000000;3;5115.000000;0;0.000000;0;0.000000;29200.000000
"2015-12";6113349;7333651;1;476.290000;0;0.000000;0;0.000000;0;0.000000;0;0.000000;23360.000000
"2015-12";6119657;7341117;0;0.000000;1;4251.460000;7;2928.650000;1;0.000000;0;0.000000;12800.000000
"2015-12";6127113;7345933;0;0.000000;0;0.000000;0;0.000000;0;0.000000;0;0.000000;14000.000000
"2015-12";6135508;7353895;1;4948.150000;1;12183.450000;4;6997.460000;1;0.000000;0;0.000000;75840.000000
"2015-12";6148757;7366280;1;383.000000;1;3023.100000;3;2708.100000;0;0.000000;0;0.000000;35040.000000
"2015-12";6155123;7371713;0;0.000000;0;0.000000;0;0.000000;0;0.000000;0;0.000000;23360.000000
"2015-12";6162347;7377648;1;59.900000;0;0.000000;0;0.000000;0;0.000000;0;0.000000;29200.000000
"2015-12";6170929;7384781;0;0.000000;1;5999.000000;1;5999.000000;0;0.000000;0;0.000000;40880.000000
"2015-12";6179464;7392449;1;30.000000;1;1000.000000;1;1000.000000;0;0.000000;0;0.000000;3500.000000
"2015-12";6186007;7398634;1;29.900000;1;20060.120000;2;20000.000000;0;0.000000;0;0.000000;49200.000000
"2015-12";6196178;7408047;0;0.000000;1;17194.500000;6;16885.850000;1;0.000000;0;0.000000;30000.000000
"2015-12";6203606;7415127;0;0.000000;0;0.000000;0;0.000000;0;0.000000;0;0.000000;43360.000000
"2015-12";6210216;7420724;0;0.000000;1;1559.250000;2;1559.250000;0;0.000000;0;0.000000;35360.000000
"2015-12";6216852;7427029;0;0.000000;1;4421.210000;1;1398.000000;0;0.000000;0;0.000000;35040.000000
"2015-12";6226739;7435035;0;0.000000;1;5639.400000;2;5639.400000;1;0.000000;0;0.000000;40360.000000
"2015-12";6231613;7440129;0;0.000000;0;0.000000;0;0.000000;0;0.000000;0;0.000000;35360.000000
"2015-12";6238711;7446760;1;1207.000000;0;0.000000;0;0.000000;0;0.000000;0;0.000000;29200.000000
"2015-12";6244978;7451293;0;0.000000;1;2960.720000;4;2760.720000;0;0.000000;0;0.000000;29200.000000
"2015-12";6253790;7460252;0;0.000000;1;1098.000000;1;1098.000000;0;0.000000;0;0.000000;19200.000000
"2015-12";6260034;7464373;0;0.000000;0;0.000000;0;0.000000;0;0.000000;0;0.000000;10000.000000
"2015-12";6266388;7469883;1;403.430000;1;11682.990000;3;11051.000000;0;0.000000;0;0.000000;23360.000000
"2015-12";6271840;7473986;1;934.430000;0;0.000000;0;0.000000;0;0.000000;0;0.000000;12000.000000
"2015-12";6277041;7480926;0;0.000000;0;0.000000;0;0.000000;0;0.000000;0;0.000000;29200.000000
"2015-12";6283350;7486499;1;1979.900000;0;0.000000;0;0.000000;0;0.000000;0;0.000000;23360.000000
"2015-12";6291321;7492913;1;62.000000;0;0.000000;0;0.000000;0;0.000000;0;0.000000;14000.000000
"2015-12";6297718;7497374;1;368.040000;1;1922.910000;1;1922.910000;0;0.000000;0;0.000000;10000.000000
"2015-12";6303114;7502984;1;820.000000;1;590.000000;1;590.000000;0;0.000000;0;0.000000;5000.000000
"2015-12";6310044;7510460;1;224.680000;1;1889.000000;1;1435.000000;1;0.000000;0;0.000000;29200.000000
"2015-12";6316488;7515553;0;0.000000;1;3766.800000;8;2980.420000;1;26.000000;0;0.000000;50560.000000
"2015-12";6322715;7520763;0;0.000000;1;847.000000;1;644.000000;0;0.000000;0;0.000000;29200.000000
"2015-12";6329048;7526111;0;0.000000;1;3974.750000;8;3675.750000;0;0.000000;0;0.000000;14000.000000
"2015-12";6335204;7531187;0;0.000000;1;2620.720000;3;2220.590000;0;0.000000;0;0.000000;19200.000000
"2015-12";6344975;7540378;0;0.000000;1;6325.440000;2;855.000000;1;0.000000;0;0.000000;204800.000000
"2015-12";6351400;7545685;0;0.000000;0;0.000000;0;0.000000;0;0.000000;0;0.000000;35040.000000
"2015-12";6357061;7551306;0;0.000000;0;0.000000;0;0.000000;0;0.000000;0;0.000000;42000.000000
"2015-12";6361343;7555832;1;257.320000;1;2011.040000;7;2011.040000;1;0.000000;0;0.000000;8000.000000
"2015-12";6368629;7560518;0;0.000000;1;19451.350000;24;19451.350000;1;0.000000;0;0.000000;50560.000000
"2015-12";6376224;7568045;0;0.000000;0;0.000000;0;0.000000;0;0.000000;0;0.000000;50560.000000
"2015-12";6383719;7573603;0;0.000000;1;6776.840000;2;6648.900000;1;0.000000;0;0.000000;50560.000000
"2015-12";6390011;7580405;0;0.000000;1;4615.000000;0;0.000000;0;0.000000;0;0.000000;50560.000000
"2015-12";6395214;7584538;0;0.000000;1;2378.040000;1;1723.000000;0;0.000000;0;0.000000;29200.000000
"2015-12";6404425;7592952;0;0.000000;1;459.600000;2;390.660000;1;0.000000;0;0.000000;40880.000000
"2015-12";6411158;7599018;1;536.200000;0;0.000000;0;0.000000;0;0.000000;0;0.000000;19200.000000
"2015-12";6417934;7605051;0;0.000000;1;2894.000000;4;3080.000000;0;0.000000;0;0.000000;14000.000000
"2015-12";6423228;7610154;0;0.000000;1;4617.590000;5;3958.700000;0;0.000000;0;0.000000;3500.000000
"2015-12";6430726;7617234;1;16.000000;1;5848.000000;2;5030.000000;0;0.000000;0;0.000000;22400.000000
"2015-12";6437630;7622529;1;16.000000;1;149.990000;0;0.000000;0;0.000000;0;0.000000;35040.000000
"2015-12";6449096;7633338;0;0.000000;0;0.000000;0;0.000000;0;0.000000;0;0.000000;63200.000000
"2015-12";6477178;7653440;1;265.360000;1;1813.780000;4;1785.800000;1;0.000000;0;0.000000;16000.000000
"2015-12";6482734;7657703;0;0.000000;0;0.000000;0;0.000000;1;35.000000;0;0.000000;2500.000000
"2015-12";6486951;7662741;0;0.000000;1;2484.130000;2;850.000000;0;0.000000;0;0.000000;35040.000000
"2015-12";6495585;7670644;1;46.480000;0;0.000000;0;0.000000;0;0.000000;0;0.000000;12800.000000
"2015-12";6503950;7675237;0;0.000000;1;6766.480000;1;2836.010000;1;120.990000;0;0.000000;29200.000000
"2015-12";6514797;7686646;0;0.000000;1;180.000000;0;0.000000;0;0.000000;0;0.000000;8000.000000
"2015-12";6521990;7692783;0;0.000000;0;0.000000;0;0.000000;0;0.000000;0;0.000000;40880.000000
"2015-12";6527955;7699282;1;284.500000;0;0.000000;0;0.000000;0;0.000000;0;0.000000;1500.000000
"2015-12";6537529;7706074;0;0.000000;1;7760.840000;5;7760.840000;0;0.000000;0;0.000000;7000.000000
"2015-12";6548237;7717346;0;0.000000;0;0.000000;0;0.000000;0;0.000000;0;0.000000;64000.000000
"2015-12";6556124;7723516;0;0.000000;1;3280.600000;2;3280.600000;0;0.000000;0;0.000000;29200.000000
"2015-12";6561763;7727033;1;928.000000;1;577.000000;1;704.000000;0;0.000000;0;0.000000;23360.000000
"2015-12";6573261;7737434;0;0.000000;1;3979.000000;5;3121.000000;1;0.000000;0;0.000000;35200.000000
"2015-12";6584508;7748130;0;0.000000;1;825.000000;2;65.000000;1;0.000000;0;0.000000;19200.000000
"2015-12";6592530;7756215;0;0.000000;1;181.500000;1;181.500000;0;0.000000;0;0.000000;12700.000000
"2015-12";6603833;7764502;0;0.000000;1;409.000000;1;409.000000;0;0.000000;0;0.000000;50560.000000
"2015-12";6614415;7774549;1;24.000000;1;11148.480000;2;2050.000000;1;0.000000;0;0.000000;35040.000000
"2015-12";6620696;7780007;0;0.000000;1;680.000000;0;0.000000;0;0.000000;0;0.000000;19600.000000
"2015-12";6630477;7787597;1;718.430000;1;4123.990000;2;3608.000000;0;0.000000;0;0.000000;19200.000000
"2015-12";6636589;7793387;1;755.600000;1;1179.590000;0;0.000000;0;0.000000;0;0.000000;23360.000000
"2015-12";6644014;7799940;1;278.200000;1;1128.000000;4;1128.000000;1;0.000000;0;0.000000;63200.000000
"2015-12";6658383;7810609;1;5637.900000;1;14851.160000;14;10325.740000;1;0.000000;0;0.000000;63200.000000
"2015-12";6673038;7825523;0;0.000000;0;0.000000;0;0.000000;0;0.000000;0;0.000000;19200.000000
"2015-12";6681047;7832808;1;322.000000;1;2945.200000;6;2373.200000;0;0.000000;1;1300.000000;12800.000000
"2015-12";6695771;7846370;0;0.000000;1;4246.840000;3;4046.840000;0;0.000000;0;0.000000;29200.000000
"2015-12";6706415;7855502;1;3236.920000;1;12637.980000;7;9956.000000;1;0.000000;0;0.000000;35040.000000
"2015-12";6722660;7871966;1;44.220000;0;0.000000;0;0.000000;0;0.000000;0;0.000000;2500.000000
"2015-12";6734566;7877346;1;16.000000;1;35.400000;0;0.000000;0;0.000000;0;0.000000;29200.000000
"2015-12";6747206;7888832;0;0.000000;1;5058.580000;3;4558.580000;0;0.000000;0;0.000000;8000.000000
"2015-12";6758747;7899837;0;0.000000;1;5774.870000;9;4996.650000;1;0.000000;0;0.000000;50560.000000
"2015-12";6766347;7905685;0;0.000000;1;698.980000;2;524.240000;1;0.000000;0;0.000000;16000.000000
"2015-12";6781759;7920587;1;24.000000;1;8255.820000;5;6483.760000;0;0.000000;0;0.000000;16000.000000
"2015-12";6795538;7933632;1;2103.150000;1;1036.000000;1;1036.000000;0;0.000000;0;0.000000;23360.000000
"2015-12";6802379;7938138;0;0.000000;1;643.990000;1;635.000000;0;0.000000;0;0.000000;14000.000000
"2015-12";6811978;7946915;0;0.000000;1;21721.530000;5;21429.990000;1;0.000000;0;0.000000;22400.000000
"2015-12";6820511;7954010;1;33.700000;1;1060.990000;0;0.000000;0;0.000000;0;0.000000;43880.000000
"2015-12";6828255;7960642;0;0.000000;1;1734.630000;2;1655.000000;0;0.000000;0;0.000000;39200.000000
"2015-12";6835509;7966762;0;0.000000;1;5800.000000;1;5800.000000;0;0.000000;0;0.000000;19200.000000
"2015-12";6843365;7974853;1;543.760000;1;1777.010000;0;0.000000;0;0.000000;0;0.000000;28360.000000
"2015-12";6851205;7980252;0;0.000000;1;3339.000000;1;2799.000000;0;0.000000;0;0.000000;19200.000000
"2015-12";6857162;7984709;0;0.000000;1;1107.320000;0;0.000000;0;0.000000;0;0.000000;5000.000000
"2015-12";6863387;7989989;1;16.000000;0;0.000000;0;0.000000;0;0.000000;0;0.000000;40880.000000
"2015-12";6870038;7996612;0;0.000000;1;829.000000;2;829.000000;0;0.000000;0;0.000000;38040.000000
"2015-12";6883234;8009563;0;0.000000;1;1868.980000;5;1868.980000;1;0.000000;0;0.000000;16000.000000
"2015-12";6893397;8016973;0;0.000000;1;1490.000000;2;1490.000000;0;0.000000;0;0.000000;19200.000000
"2015-12";6900608;8025403;0;0.000000;1;972.860000;4;972.860000;0;0.000000;0;0.000000;7000.000000
"2015-12";6909654;8032283;0;0.000000;1;1192.990000;2;1192.990000;1;0.000000;0;0.000000;8000.000000
"2015-12";6917675;8039125;0;0.000000;0;0.000000;0;0.000000;0;0.000000;0;0.000000;29200.000000
"2015-12";6925741;8046920;0;0.000000;1;1573.560000;0;0.000000;0;0.000000;0;0.000000;2000.000000
"2015-12";6936377;8055424;1;143.500000;0;0.000000;0;0.000000;0;0.000000;0;0.000000;23360.000000
"2015-12";6945910;8063787;0;0.000000;1;990.760000;0;0.000000;0;0.000000;0;0.000000;4000.000000
"2015-12";6958758;8075004;0;0.000000;1;13642.000000;3;12780.000000;1;0.000000;0;0.000000;22400.000000
"2015-12";6967240;8082915;0;0.000000;0;0.000000;0;0.000000;0;0.000000;0;0.000000;22400.000000
"2015-12";6977096;8091997;0;0.000000;1;4972.800000;5;4404.500000;0;0.000000;0;0.000000;29200.000000
"2015-12";6987897;8101868;0;0.000000;0;0.000000;0;0.000000;0;0.000000;0;0.000000;14000.000000
"2015-12";6997672;8110763;0;0.000000;0;0.000000;0;0.000000;0;0.000000;0;0.000000;10000.000000
"2015-12";7012802;8124520;0;0.000000;1;8119.600000;5;5169.500000;1;0.000000;0;0.000000;19200.000000
"2015-12";7024067;8134583;1;191.340000;1;1821.570000;5;1821.570000;1;0.000000;0;0.000000;16000.000000
"2015-12";7036619;8144704;0;0.000000;1;3406.440000;2;3406.440000;0;0.000000;0;0.000000;8000.000000
"2015-12";7046509;8153899;0;0.000000;0;0.000000;0;0.000000;0;0.000000;0;0.000000;10000.000000
"2015-12";7074300;8192635;0;0.000000;0;0.000000;0;0.000000;0;0.000000;0;0.000000;19200.000000
"2015-12";7150371;8250215;0;0.000000;1;9468.710000;10;9468.710000;0;0.000000;0;0.000000;29200.000000
"2015-12";7161371;8273119;0;0.000000;1;6438.980000;11;5187.680000;1;0.000000;0;0.000000;22400.000000
"2015-12";7205431;8302080;0;0.000000;0;0.000000;0;0.000000;0;0.000000;0;0.000000;8000.000000
"2015-12";7225154;8322959;1;24.000000;1;1750.000000;2;1312.500000;1;0.000000;0;0.000000;3000.000000
"2015-12";7243772;8337608;0;0.000000;1;5755.000000;2;5755.000000;1;0.000000;0;0.000000;19200.000000
"2015-12";7260453;8353052;1;314.970000;1;1251.270000;1;1229.000000;0;0.000000;0;0.000000;10000.000000
"2015-12";7270404;8362944;0;0.000000;1;550.000000;1;550.000000;0;0.000000;0;0.000000;14000.000000
"2015-12";7282731;8372736;0;0.000000;1;2745.530000;7;1827.700000;1;0.000000;0;0.000000;6000.000000
"2015-12";7295635;8385405;1;2179.310000;0;0.000000;0;0.000000;0;0.000000;0;0.000000;8000.000000
"2015-12";7312294;8400524;0;0.000000;1;464.400000;1;356.000000;0;0.000000;0;0.000000;8000.000000
"2015-12";7320357;8408756;1;16.000000;0;0.000000;0;0.000000;0;0.000000;0;0.000000;7000.000000
"2015-12";7332833;8418163;0;0.000000;1;1990.000000;1;1990.000000;0;0.000000;0;0.000000;16000.000000
"2015-12";7351262;8436409;0;0.000000;1;8849.400000;5;7289.400000;0;0.000000;0;0.000000;23360.000000
"2015-12";7365881;8450926;1;16.000000;1;4230.000000;3;4230.000000;0;0.000000;0;0.000000;10000.000000
"2015-12";7374534;8456962;0;0.000000;0;0.000000;0;0.000000;0;0.000000;0;0.000000;8000.000000
"2015-12";7384097;8466798;0;0.000000;0;0.000000;0;0.000000;0;0.000000;0;0.000000;5000.000000
"2015-12";7406776;8488070;1;16.000000;0;0.000000;0;0.000000;0;0.000000;0;0.000000;8000.000000
"2015-12";7416363;8494007;0;0.000000;1;3536.240000;3;3224.000000;0;0.000000;0;0.000000;5000.000000
"2015-12";7431083;8508479;1;213.600000;0;0.000000;0;0.000000;0;0.000000;0;0.000000;6000.000000
"2015-12";7446325;8522217;0;0.000000;1;5536.000000;1;5536.000000;0;0.000000;0;0.000000;22400.000000
"2015-12";7456675;8531621;0;0.000000;1;7236.740000;9;5769.740000;1;0.000000;0;0.000000;14000.000000
"2015-12";7474552;8547915;1;73.970000;0;0.000000;0;0.000000;0;0.000000;0;0.000000;16000.000000
"2015-12";7520892;8589664;0;0.000000;1;6999.000000;1;6999.000000;0;0.000000;0;0.000000;12000.000000
