Periodo;Cliente_Key;Codigo_Cliente;Cantidad_Consumo_TD_Combustible;Importe_Consumo_TD_Combustible;Cantidad_Consumo_TD_Gastronomia;Importe_Consumo_TD_Gastronomia;Cantidad_Consumo_TD_Indumentaria;Importe_Consumo_TD_Indumentaria;Cantidad_Consumo_TD_Pago_Electronico;Importe_Consumo_TD_Pago_Electronico;Cantidad_Consumo_TD_Peluquerias;Importe_Consumo_TD_Peluquerias;Cantidad_Consumo_TD_Supermercados;Importe_Consumo_TD_Supermercados;Cantidad_Consumo_TD_Turismo;Importe_Consumo_TD_Turismo;Cantidad_Consumo_TD_Otros;Importe_Consumo_TD_Otros
"2015-12";9978;1330991;0;0.000000;0;0.000000;1;301.000000;0;0.000000;0;0.000000;0;0.000000;0;0.000000;0;0.000000
"2015-12";15763;1298558;0;0.000000;0;0.000000;0;0.000000;0;0.000000;0;0.000000;1;22.000000;0;0.000000;0;0.000000
"2015-12";20238;13749;1;196.000000;0;0.000000;0;0.000000;0;0.000000;0;0.000000;0;0.000000;0;0.000000;0;0.000000
"2015-12";24556;1350883;0;0.000000;1;936.260000;0;0.000000;0;0.000000;0;0.000000;0;0.000000;0;0.000000;0;0.000000
"2015-12";28318;22844;0;0.000000;0;0.000000;3;12402.000000;2;681.010000;0;0.000000;2;1503.280000;0;0.000000;0;0.000000
"2015-12";32782;1344494;0;0.000000;0;0.000000;1;555.000000;0;0.000000;0;0.000000;0;0.000000;0;0.000000;0;0.000000
"2015-12";38141;1339990;0;0.000000;0;0.000000;6;1531.000000;0;0.000000;0;0.000000;3;932.000000;0;0.000000;1;669.800000
"2015-12";42263;1173341;0;0.000000;0;0.000000;0;0.000000;0;0.000000;0;0.000000;2;2266.280000;0;0.000000;1;1071.300000
"2015-12";47430;28373;0;0.000000;2;1926.600000;1;1168.000000;0;0.000000;0;0.000000;0;0.000000;0;0.000000;2;327.920000
"2015-12";52125;30259;1;150.000000;1;111.000000;0;0.000000;0;0.000000;0;0.000000;1;198.470000;0;0.000000;0;0.000000
"2015-12";58012;1029053;0;0.000000;2;1144.800000;0;0.000000;0;0.000000;0;0.000000;3;1524.130000;0;0.000000;2;2558.500000
"2015-12";63623;1068440;0;0.000000;0;0.000000;0;0.000000;0;0.000000;0;0.000000;3;1374.360000;0;0.000000;0;0.000000
"2015-12";69038;1041598;0;0.000000;0;0.000000;0;0.000000;0;0.000000;0;0.000000;7;2196.110000;0;0.000000;2;438.820000
"2015-12";73616;1075271;2;725.030000;0;0.000000;0;0.000000;0;0.000000;0;0.000000;2;2186.710000;0;0.000000;0;0.000000
"2015-12";78690;1306972;0;0.000000;0;0.000000;0;0.000000;0;0.000000;0;0.000000;4;1398.920000;0;0.000000;3;2258.810000
"2015-12";82912;116005;8;3795.200000;0;0.000000;1;650.000000;0;0.000000;0;0.000000;8;1647.790000;0;0.000000;4;1306.120000
"2015-12";87609;51344;0;0.000000;1;76.500000;0;0.000000;0;0.000000;0;0.000000;1;133.000000;1;605.000000;8;6603.180000
"2015-12";92307;53038;0;0.000000;0;0.000000;0;0.000000;1;439.270000;0;0.000000;0;0.000000;0;0.000000;8;7782.280000
"2015-12";95586;59915;1;300.000000;2;90.000000;2;2087.360000;0;0.000000;0;0.000000;3;1480.380000;0;0.000000;1;1010.320000
"2015-12";99737;1285981;0;0.000000;0;0.000000;0;0.000000;0;0.000000;0;0.000000;1;147.000000;0;0.000000;0;0.000000
"2015-12";103848;1174359;0;0.000000;0;0.000000;0;0.000000;0;0.000000;0;0.000000;0;0.000000;0;0.000000;1;54.000000
"2015-12";107347;1228172;0;0.000000;0;0.000000;1;600.000000;0;0.000000;0;0.000000;1;171.280000;0;0.000000;0;0.000000
"2015-12";110694;1277380;0;0.000000;1;569.190000;0;0.000000;1;94.000000;0;0.000000;0;0.000000;0;0.000000;0;0.000000
"2015-12";114369;70553;0;0.000000;0;0.000000;1;2650.000000;0;0.000000;0;0.000000;0;0.000000;0;0.000000;0;0.000000
"2015-12";118032;69000;3;1755.000000;7;2222.720000;0;0.000000;0;0.000000;0;0.000000;3;1505.120000;0;0.000000;10;4276.140000
"2015-12";121349;75583;2;607.660000;8;2279.910000;1;2870.000000;0;0.000000;0;0.000000;6;4845.730000;0;0.000000;3;1019.120000
"2015-12";124733;1254865;0;0.000000;0;0.000000;2;1900.000000;1;91.900000;0;0.000000;1;829.770000;0;0.000000;1;614.940000
"2015-12";128325;76989;0;0.000000;0;0.000000;2;689.000000;0;0.000000;0;0.000000;2;2171.350000;0;0.000000;1;770.000000
"2015-12";131998;1294707;0;0.000000;1;174.000000;0;0.000000;0;0.000000;0;0.000000;0;0.000000;0;0.000000;0;0.000000
"2015-12";135312;81919;0;0.000000;0;0.000000;0;0.000000;0;0.000000;0;0.000000;0;0.000000;0;0.000000;1;183.250000
"2015-12";138674;22299;0;0.000000;0;0.000000;1;44.950000;0;0.000000;0;0.000000;1;123.490000;0;0.000000;3;2534.430000
"2015-12";142793;95090;1;500.000000;0;0.000000;0;0.000000;0;0.000000;0;0.000000;0;0.000000;0;0.000000;0;0.000000
"2015-12";147907;99247;3;1300.020000;1;130.000000;1;600.000000;0;0.000000;3;820.000000;2;2335.400000;0;0.000000;4;1092.480000
"2015-12";152211;105038;0;0.000000;0;0.000000;0;0.000000;0;0.000000;0;0.000000;3;310.000000;0;0.000000;0;0.000000
"2015-12";156199;37014;0;0.000000;0;0.000000;0;0.000000;0;0.000000;0;0.000000;4;7056.790000;0;0.000000;0;0.000000
"2015-12";161591;1034848;0;0.000000;0;0.000000;0;0.000000;0;0.000000;0;0.000000;0;0.000000;0;0.000000;1;554.780000
"2015-12";166053;116657;0;0.000000;1;223.700000;2;506.590000;0;0.000000;0;0.000000;2;570.960000;0;0.000000;11;3041.320000
"2015-12";170590;49011;0;0.000000;0;0.000000;0;0.000000;0;0.000000;0;0.000000;0;0.000000;0;0.000000;1;2534.050000
"2015-12";175249;128262;0;0.000000;0;0.000000;0;0.000000;4;491.640000;0;0.000000;4;983.490000;0;0.000000;0;0.000000
"2015-12";179829;57005;1;200.000000;1;600.000000;0;0.000000;0;0.000000;0;0.000000;2;671.120000;0;0.000000;1;450.000000
"2015-12";184530;1003645;0;0.000000;0;0.000000;0;0.000000;0;0.000000;0;0.000000;0;0.000000;0;0.000000;3;110.400000
"2015-12";188862;63831;0;0.000000;1;55.700000;0;0.000000;0;0.000000;0;0.000000;17;3594.300000;2;340.000000;6;1512.560000
"2015-12";192679;1013340;0;0.000000;2;377.880000;0;0.000000;0;0.000000;0;0.000000;9;2127.800000;0;0.000000;1;167.200000
"2015-12";196429;1013437;1;266.250000;0;0.000000;0;0.000000;0;0.000000;0;0.000000;1;84.490000;0;0.000000;0;0.000000
"2015-12";200218;1022507;0;0.000000;0;0.000000;0;0.000000;0;0.000000;0;0.000000;2;1129.000000;0;0.000000;0;0.000000
"2015-12";203339;76030;1;880.000000;4;3192.920000;5;6348.000000;0;0.000000;0;0.000000;4;5162.460000;0;0.000000;8;3805.970000
"2015-12";206443;78749;0;0.000000;2;333.430000;3;3398.000000;0;0.000000;1;110.000000;5;2121.120000;0;0.000000;1;37.510000
"2015-12";209546;1034305;0;0.000000;0;0.000000;1;520.000000;0;0.000000;0;0.000000;0;0.000000;0;0.000000;0;0.000000
"2015-12";212650;1033290;0;0.000000;1;872.590000;0;0.000000;0;0.000000;0;0.000000;4;2578.540000;0;0.000000;1;102.600000
"2015-12";216801;1038355;0;0.000000;1;88.000000;0;0.000000;0;0.000000;0;0.000000;0;0.000000;0;0.000000;1;266.000000
"2015-12";222037;1044933;0;0.000000;0;0.000000;0;0.000000;0;0.000000;0;0.000000;7;3825.050000;0;0.000000;0;0.000000
"2015-12";228917;1057110;0;0.000000;0;0.000000;0;0.000000;0;0.000000;0;0.000000;0;0.000000;0;0.000000;2;320.000000
"2015-12";234547;1060252;0;0.000000;0;0.000000;3;1245.000000;0;0.000000;0;0.000000;11;3422.880000;0;0.000000;4;828.460000
"2015-12";238996;106387;3;650.000000;0;0.000000;0;0.000000;0;0.000000;0;0.000000;2;378.600000;0;0.000000;4;932.770000
"2015-12";245391;1072913;0;0.000000;1;46.000000;0;0.000000;0;0.000000;0;0.000000;0;0.000000;0;0.000000;0;0.000000
"2015-12";250045;1082480;1;92.000000;0;0.000000;0;0.000000;0;0.000000;0;0.000000;1;67.050000;0;0.000000;0;0.000000
"2015-12";256431;126503;0;0.000000;0;0.000000;0;0.000000;0;0.000000;0;0.000000;1;312.050000;0;0.000000;0;0.000000
"2015-12";263717;141508;0;0.000000;0;0.000000;0;0.000000;0;0.000000;0;0.000000;0;0.000000;2;420.300000;0;0.000000
"2015-12";271459;1010471;1;160.000000;0;0.000000;0;0.000000;0;0.000000;0;0.000000;0;0.000000;0;0.000000;3;1543.210000
"2015-12";279247;1114393;4;1625.280000;2;436.000000;1;490.000000;0;0.000000;0;0.000000;4;1825.570000;0;0.000000;3;1652.620000
"2015-12";284263;1120160;0;0.000000;1;19.000000;0;0.000000;0;0.000000;0;0.000000;0;0.000000;0;0.000000;1;81.000000
"2015-12";288898;1030088;7;2198.130000;0;0.000000;1;420.000000;0;0.000000;0;0.000000;5;3956.520000;1;590.000000;1;293.450000
"2015-12";292998;1135470;0;0.000000;0;0.000000;0;0.000000;1;1730.000000;0;0.000000;0;0.000000;0;0.000000;2;12.450000
"2015-12";296820;1135636;3;687.030000;0;0.000000;4;2652.800000;0;0.000000;0;0.000000;0;0.000000;0;0.000000;1;429.490000
"2015-12";301351;1040896;1;489.000000;0;0.000000;0;0.000000;0;0.000000;0;0.000000;18;3062.360000;0;0.000000;5;1196.860000
"2015-12";307266;1048653;4;1447.000000;2;1714.000000;0;0.000000;0;0.000000;0;0.000000;3;932.230000;0;0.000000;2;3721.870000
"2015-12";312121;1053753;0;0.000000;0;0.000000;0;0.000000;0;0.000000;0;0.000000;3;128.000000;0;0.000000;0;0.000000
"2015-12";317400;1060225;4;1120.000000;1;187.780000;1;840.000000;0;0.000000;0;0.000000;7;6482.560000;0;0.000000;1;449.000000
"2015-12";322280;1166687;0;0.000000;2;143.350000;1;180.000000;0;0.000000;1;420.000000;8;2258.170000;0;0.000000;2;1049.140000
"2015-12";326440;1070784;0;0.000000;0;0.000000;1;200.000000;0;0.000000;0;0.000000;10;3999.960000;0;0.000000;0;0.000000
"2015-12";331027;1181238;0;0.000000;1;0.000000;0;0.000000;0;0.000000;0;0.000000;2;117.000000;0;0.000000;0;0.000000
"2015-12";334999;1182007;0;0.000000;0;0.000000;5;4812.000000;1;760.000000;0;0.000000;1;467.940000;0;0.000000;2;3881.000000
"2015-12";339401;1087544;0;0.000000;0;0.000000;0;0.000000;0;0.000000;0;0.000000;1;987.900000;0;0.000000;1;329.560000
"2015-12";344865;1098529;0;0.000000;0;0.000000;0;0.000000;0;0.000000;0;0.000000;1;209.730000;0;0.000000;0;0.000000
"2015-12";352566;1203458;0;0.000000;0;0.000000;0;0.000000;0;0.000000;0;0.000000;0;0.000000;0;0.000000;1;12000.000000
"2015-12";359623;1212689;0;0.000000;0;0.000000;3;2125.000000;1;138.000000;0;0.000000;14;3587.160000;0;0.000000;3;1329.410000
"2015-12";366131;1119828;0;0.000000;0;0.000000;0;0.000000;0;0.000000;0;0.000000;2;2237.020000;0;0.000000;0;0.000000
"2015-12";373315;1133793;1;670.000000;0;0.000000;0;0.000000;0;0.000000;0;0.000000;0;0.000000;0;0.000000;1;320.000000
"2015-12";379416;1242873;0;0.000000;0;0.000000;0;0.000000;0;0.000000;0;0.000000;3;371.680000;0;0.000000;1;0.000000
"2015-12";384056;1142253;1;451.200000;0;0.000000;2;1020.300000;0;0.000000;0;0.000000;2;1981.240000;1;3771.820000;6;1711.730000
"2015-12";387923;1151568;0;0.000000;0;0.000000;0;0.000000;0;0.000000;0;0.000000;1;95.810000;0;0.000000;0;0.000000
"2015-12";391956;1257220;0;0.000000;0;0.000000;0;0.000000;0;0.000000;0;0.000000;1;90.000000;0;0.000000;0;0.000000
"2015-12";396253;1160574;0;0.000000;0;0.000000;1;403.000000;0;0.000000;0;0.000000;0;0.000000;0;0.000000;0;0.000000
"2015-12";401363;1269739;0;0.000000;0;0.000000;0;0.000000;0;0.000000;0;0.000000;1;100.000000;0;0.000000;0;0.000000
"2015-12";405850;1168317;0;0.000000;0;0.000000;0;0.000000;0;0.000000;0;0.000000;4;2440.570000;0;0.000000;1;208.570000
"2015-12";409528;1277904;0;0.000000;0;0.000000;0;0.000000;0;0.000000;0;0.000000;1;198.000000;0;0.000000;0;0.000000
"2015-12";413079;1282363;0;0.000000;1;140.000000;0;0.000000;0;0.000000;0;0.000000;0;0.000000;0;0.000000;0;0.000000
"2015-12";417088;1287117;0;0.000000;0;0.000000;0;0.000000;0;0.000000;0;0.000000;3;905.250000;0;0.000000;0;0.000000
"2015-12";420982;1287806;3;142.000000;0;0.000000;0;0.000000;0;0.000000;0;0.000000;0;0.000000;0;0.000000;0;0.000000
"2015-12";425307;1191606;0;0.000000;0;0.000000;1;346.800000;0;0.000000;0;0.000000;2;108.200000;0;0.000000;0;0.000000
"2015-12";430863;1204350;0;0.000000;0;0.000000;0;0.000000;0;0.000000;0;0.000000;1;98.500000;0;0.000000;0;0.000000
"2015-12";437315;1211125;0;0.000000;6;2150.260000;1;380.000000;0;0.000000;0;0.000000;4;1067.230000;0;0.000000;1;204.000000
"2015-12";443700;1314483;3;850.000000;2;110.000000;0;0.000000;0;0.000000;0;0.000000;0;0.000000;0;0.000000;0;0.000000
"2015-12";450594;1224043;1;44.560000;0;0.000000;0;0.000000;0;0.000000;0;0.000000;1;2001.940000;0;0.000000;0;0.000000
"2015-12";457902;1336787;0;0.000000;0;0.000000;0;0.000000;1;618.000000;0;0.000000;3;719.360000;0;0.000000;0;0.000000
"2015-12";463904;1344386;0;0.000000;1;90.000000;0;0.000000;0;0.000000;0;0.000000;0;0.000000;0;0.000000;0;0.000000
"2015-12";469717;1252236;0;0.000000;1;637.200000;0;0.000000;0;0.000000;0;0.000000;0;0.000000;0;0.000000;1;460.000000
"2015-12";474420;1351970;1;400.000000;0;0.000000;0;0.000000;0;0.000000;0;0.000000;0;0.000000;0;0.000000;0;0.000000
"2015-12";482158;1262449;0;0.000000;0;0.000000;1;110.000000;0;0.000000;0;0.000000;1;315.850000;0;0.000000;0;0.000000
"2015-12";490787;1361751;0;0.000000;0;0.000000;1;634.000000;0;0.000000;0;0.000000;1;2800.000000;0;0.000000;0;0.000000
"2015-12";496973;1367935;1;400.010000;0;0.000000;0;0.000000;0;0.000000;0;0.000000;0;0.000000;0;0.000000;0;0.000000
"2015-12";509016;1438443;0;0.000000;0;0.000000;1;440.000000;0;0.000000;0;0.000000;0;0.000000;0;0.000000;0;0.000000
"2015-12";532306;1411820;0;0.000000;0;0.000000;0;0.000000;0;0.000000;0;0.000000;0;0.000000;0;0.000000;3;547.000000
"2015-12";549244;1411629;0;0.000000;0;0.000000;0;0.000000;0;0.000000;0;0.000000;0;0.000000;0;0.000000;2;1010.000000
"2015-12";561671;1546172;7;1201.980000;0;0.000000;0;0.000000;0;0.000000;0;0.000000;0;0.000000;0;0.000000;1;420.070000
"2015-12";574564;1518684;1;500.000000;0;0.000000;0;0.000000;0;0.000000;0;0.000000;0;0.000000;0;0.000000;3;2283.000000
"2015-12";587198;1490943;0;0.000000;0;0.000000;0;0.000000;0;0.000000;0;0.000000;1;393.000000;0;0.000000;0;0.000000
"2015-12";596834;1539404;0;0.000000;0;0.000000;1;72.000000;0;0.000000;0;0.000000;0;0.000000;0;0.000000;1;63.750000
"2015-12";607448;1514788;0;0.000000;0;0.000000;0;0.000000;0;0.000000;0;0.000000;1;52.000000;0;0.000000;0;0.000000
"2015-12";620375;1485612;0;0.000000;0;0.000000;0;0.000000;0;0.000000;0;0.000000;7;3406.600000;0;0.000000;10;3680.070000
"2015-12";635664;1452294;0;0.000000;0;0.000000;1;398.000000;0;0.000000;0;0.000000;4;1616.000000;0;0.000000;3;973.360000
"2015-12";651184;1417157;0;0.000000;0;0.000000;0;0.000000;0;0.000000;0;0.000000;0;0.000000;2;1048.000000;0;0.000000
"2015-12";662855;1627316;2;499.990000;0;0.000000;0;0.000000;1;250.000000;0;0.000000;1;259.400000;0;0.000000;1;100.000000
"2015-12";679584;1379197;0;0.000000;0;0.000000;0;0.000000;0;0.000000;0;0.000000;0;0.000000;0;0.000000;3;1461.920000
"2015-12";696695;1442234;0;0.000000;0;0.000000;0;0.000000;0;0.000000;0;0.000000;0;0.000000;0;0.000000;1;269.000000
"2015-12";711302;1491261;0;0.000000;0;0.000000;0;0.000000;0;0.000000;0;0.000000;5;1274.740000;0;0.000000;2;236.000000
"2015-12";724738;1471621;7;3242.110000;6;991.000000;0;0.000000;0;0.000000;0;0.000000;1;80.400000;0;0.000000;2;1402.000000
"2015-12";735244;1409280;0;0.000000;1;421.000000;0;0.000000;0;0.000000;0;0.000000;0;0.000000;0;0.000000;0;0.000000
"2015-12";746252;1448633;1;300.000000;0;0.000000;0;0.000000;0;0.000000;0;0.000000;3;585.850000;0;0.000000;0;0.000000
"2015-12";754835;1477575;0;0.000000;0;0.000000;1;1549.000000;0;0.000000;0;0.000000;0;0.000000;2;2022.000000;0;0.000000
"2015-12";764223;1529447;0;0.000000;0;0.000000;0;0.000000;0;0.000000;0;0.000000;1;446.270000;0;0.000000;0;0.000000
"2015-12";774826;1547654;2;346.500000;3;1554.930000;3;868.960000;0;0.000000;0;0.000000;6;2382.670000;0;0.000000;3;1043.000000
"2015-12";800805;1630161;0;0.000000;0;0.000000;0;0.000000;0;0.000000;0;0.000000;3;3344.750000;2;867.080000;1;666.000000
"2015-12";829604;1700352;0;0.000000;0;0.000000;0;0.000000;0;0.000000;0;0.000000;1;69.940000;0;0.000000;0;0.000000
"2015-12";837846;1708901;0;0.000000;1;730.050000;0;0.000000;0;0.000000;0;0.000000;1;1066.510000;0;0.000000;0;0.000000
"2015-12";845836;1716824;0;0.000000;0;0.000000;0;0.000000;0;0.000000;0;0.000000;1;61.620000;0;0.000000;0;0.000000
"2015-12";854263;1725130;5;1100.000000;3;1925.500000;1;1200.000000;0;0.000000;0;0.000000;6;4664.660000;2;838.840000;2;490.090000
"2015-12";863546;1734509;0;0.000000;0;0.000000;0;0.000000;0;0.000000;0;0.000000;1;60.000000;0;0.000000;0;0.000000
"2015-12";871245;1742208;0;0.000000;0;0.000000;0;0.000000;0;0.000000;0;0.000000;3;3329.310000;0;0.000000;0;0.000000
"2015-12";887264;1758227;0;0.000000;6;904.000000;4;1632.000000;0;0.000000;0;0.000000;1;3649.000000;0;0.000000;1;308.490000
"2015-12";893496;1764459;1;400.000000;5;892.420000;0;0.000000;0;0.000000;0;0.000000;14;3887.470000;0;0.000000;4;709.970000
"2015-12";901828;1772801;1;560.020000;1;116.700000;0;0.000000;0;0.000000;0;0.000000;1;286.360000;0;0.000000;0;0.000000
"2015-12";907568;1779165;4;580.000000;0;0.000000;2;983.800000;0;0.000000;0;0.000000;3;3958.300000;0;0.000000;4;2065.950000
"2015-12";915157;1786354;0;0.000000;0;0.000000;0;0.000000;0;0.000000;0;0.000000;9;1284.740000;0;0.000000;1;579.120000
"2015-12";923561;1794530;0;0.000000;0;0.000000;0;0.000000;0;0.000000;0;0.000000;3;630.170000;0;0.000000;0;0.000000
"2015-12";932108;1803284;0;0.000000;1;810.540000;5;6867.000000;0;0.000000;0;0.000000;2;2531.890000;0;0.000000;2;1630.000000
"2015-12";939368;1810124;0;0.000000;0;0.000000;0;0.000000;0;0.000000;0;0.000000;0;0.000000;0;0.000000;1;90.000000
"2015-12";947659;1818168;0;0.000000;0;0.000000;5;2670.700000;1;200.000000;0;0.000000;1;102.450000;0;0.000000;2;963.340000
"2015-12";958654;1829685;1;300.000000;0;0.000000;0;0.000000;0;0.000000;0;0.000000;0;0.000000;0;0.000000;0;0.000000
"2015-12";967820;1839278;0;0.000000;0;0.000000;0;0.000000;0;0.000000;0;0.000000;3;182.980000;0;0.000000;0;0.000000
"2015-12";977740;1848869;0;0.000000;0;0.000000;0;0.000000;0;0.000000;0;0.000000;2;477.280000;0;0.000000;0;0.000000
"2015-12";986612;1857579;1;118.000000;0;0.000000;0;0.000000;0;0.000000;0;0.000000;5;989.350000;0;0.000000;2;481.690000
"2015-12";995125;1866071;0;0.000000;0;0.000000;0;0.000000;0;0.000000;0;0.000000;1;376.280000;0;0.000000;0;0.000000
"2015-12";1004236;1876161;0;0.000000;0;0.000000;0;0.000000;0;0.000000;0;0.000000;1;151.050000;0;0.000000;0;0.000000
"2015-12";1011806;1882474;2;426.580000;4;1484.720000;2;607.760000;0;0.000000;0;0.000000;4;5611.590000;1;901.860000;5;2932.580000
"2015-12";1023726;1895630;0;0.000000;0;0.000000;0;0.000000;1;56.170000;0;0.000000;0;0.000000;0;0.000000;0;0.000000
"2015-12";1030905;1902334;0;0.000000;1;306.720000;0;0.000000;0;0.000000;0;0.000000;0;0.000000;0;0.000000;0;0.000000
"2015-12";1039714;1910458;0;0.000000;0;0.000000;0;0.000000;0;0.000000;0;0.000000;4;1407.500000;0;0.000000;0;0.000000
"2015-12";1047804;1919144;5;2410.160000;2;1457.000000;1;420.000000;1;250.000000;0;0.000000;4;2057.670000;2;4900.000000;8;5668.360000
"2015-12";1058854;1925891;0;0.000000;0;0.000000;1;95.960000;0;0.000000;0;0.000000;4;561.910000;0;0.000000;4;1862.640000
"2015-12";1069397;1940224;0;0.000000;0;0.000000;0;0.000000;0;0.000000;0;0.000000;1;378.620000;0;0.000000;2;446.000000
"2015-12";1077771;1949075;0;0.000000;0;0.000000;0;0.000000;0;0.000000;0;0.000000;1;855.100000;0;0.000000;2;522.400000
"2015-12";1084546;1955457;0;0.000000;1;615.610000;0;0.000000;0;0.000000;0;0.000000;0;0.000000;0;0.000000;0;0.000000
"2015-12";1093084;1964005;0;0.000000;1;96.000000;3;1853.500000;1;120.000000;1;395.000000;4;511.870000;0;0.000000;4;690.310000
"2015-12";1101229;1972214;0;0.000000;0;0.000000;0;0.000000;0;0.000000;0;0.000000;1;231.000000;0;0.000000;0;0.000000
"2015-12";1108296;1979273;0;0.000000;1;42.690000;0;0.000000;0;0.000000;0;0.000000;0;0.000000;0;0.000000;0;0.000000
"2015-12";1116955;1987947;0;0.000000;0;0.000000;0;0.000000;0;0.000000;0;0.000000;1;500.000000;0;0.000000;0;0.000000
"2015-12";1125361;1996369;4;1000.160000;0;0.000000;0;0.000000;0;0.000000;0;0.000000;0;0.000000;0;0.000000;0;0.000000
"2015-12";1134322;2005481;0;0.000000;2;375.000000;0;0.000000;0;0.000000;0;0.000000;2;169.580000;0;0.000000;0;0.000000
"2015-12";1143787;2014774;0;0.000000;0;0.000000;0;0.000000;0;0.000000;0;0.000000;0;0.000000;0;0.000000;1;768.690000
"2015-12";1152782;2023776;0;0.000000;0;0.000000;0;0.000000;0;0.000000;0;0.000000;1;602.500000;0;0.000000;0;0.000000
"2015-12";1168531;2039530;0;0.000000;1;70.000000;0;0.000000;0;0.000000;0;0.000000;0;0.000000;0;0.000000;0;0.000000
"2015-12";1194061;2065047;0;0.000000;0;0.000000;2;935.710000;0;0.000000;0;0.000000;0;0.000000;1;86.540000;0;0.000000
"2015-12";1204433;2075352;3;1110.000000;3;537.150000;0;0.000000;0;0.000000;0;0.000000;1;103.000000;0;0.000000;1;90.000000
"2015-12";1212717;2083744;0;0.000000;1;30.000000;0;0.000000;0;0.000000;0;0.000000;10;1311.520000;0;0.000000;2;1976.010000
"2015-12";1221333;2092370;1;300.670000;0;0.000000;0;0.000000;0;0.000000;0;0.000000;2;461.350000;0;0.000000;1;788.000000
"2015-12";1229628;2100658;0;0.000000;1;181.000000;0;0.000000;0;0.000000;0;0.000000;0;0.000000;0;0.000000;1;454.000000
"2015-12";1235544;2106575;0;0.000000;1;45.000000;0;0.000000;0;0.000000;0;0.000000;1;201.530000;0;0.000000;0;0.000000
"2015-12";1244436;2115467;0;0.000000;0;0.000000;0;0.000000;0;0.000000;0;0.000000;0;0.000000;0;0.000000;1;142.180000
"2015-12";1251461;2122651;0;0.000000;1;30.000000;0;0.000000;0;0.000000;0;0.000000;3;72.600000;0;0.000000;0;0.000000
"2015-12";1257100;2128135;0;0.000000;0;0.000000;2;956.000000;0;0.000000;0;0.000000;5;1242.480000;0;0.000000;0;0.000000
"2015-12";1262381;2133413;0;0.000000;0;0.000000;0;0.000000;0;0.000000;0;0.000000;2;521.780000;0;0.000000;1;116.560000
"2015-12";1269837;2140873;0;0.000000;3;144.000000;1;300.000000;0;0.000000;0;0.000000;1;218.370000;0;0.000000;0;0.000000
"2015-12";1281559;2152596;2;600.000000;0;0.000000;2;602.000000;0;0.000000;0;0.000000;0;0.000000;0;0.000000;1;3000.000000
"2015-12";1288926;2159759;0;0.000000;0;0.000000;0;0.000000;0;0.000000;0;0.000000;1;2000.000000;0;0.000000;2;76.000000
"2015-12";1294284;2165284;0;0.000000;0;0.000000;0;0.000000;0;0.000000;0;0.000000;1;414.380000;0;0.000000;0;0.000000
"2015-12";1302102;2173137;1;598.800000;0;0.000000;0;0.000000;0;0.000000;0;0.000000;1;356.180000;0;0.000000;2;388.050000
"2015-12";1309300;2180337;1;200.000000;0;0.000000;0;0.000000;0;0.000000;0;0.000000;0;0.000000;0;0.000000;0;0.000000
"2015-12";1316926;2187964;0;0.000000;0;0.000000;0;0.000000;0;0.000000;0;0.000000;2;2595.020000;0;0.000000;2;1291.420000
"2015-12";1325135;2196177;0;0.000000;0;0.000000;1;379.000000;0;0.000000;0;0.000000;0;0.000000;0;0.000000;1;216.000000
"2015-12";1329671;2200713;0;0.000000;0;0.000000;0;0.000000;0;0.000000;0;0.000000;1;423.860000;0;0.000000;2;196.410000
"2015-12";1338700;2209741;0;0.000000;0;0.000000;1;220.000000;0;0.000000;0;0.000000;0;0.000000;0;0.000000;1;25.820000
"2015-12";1344499;2216619;0;0.000000;0;0.000000;0;0.000000;0;0.000000;0;0.000000;1;70.000000;0;0.000000;0;0.000000
"2015-12";1350559;2215538;0;0.000000;0;0.000000;0;0.000000;0;0.000000;0;0.000000;1;172.760000;0;0.000000;0;0.000000
"2015-12";1357737;2228823;0;0.000000;0;0.000000;0;0.000000;0;0.000000;0;0.000000;1;977.100000;0;0.000000;1;431.000000
"2015-12";1365276;2236309;0;0.000000;0;0.000000;0;0.000000;0;0.000000;0;0.000000;0;0.000000;0;0.000000;1;340.000000
"2015-12";1373445;2245580;0;0.000000;0;0.000000;0;0.000000;0;0.000000;0;0.000000;0;0.000000;0;0.000000;1;75.000000
"2015-12";1379701;2247129;0;0.000000;0;0.000000;0;0.000000;0;0.000000;0;0.000000;1;10.000000;0;0.000000;0;0.000000
"2015-12";1390146;2261880;0;0.000000;0;0.000000;0;0.000000;0;0.000000;1;180.000000;0;0.000000;0;0.000000;2;203.860000
"2015-12";1396633;2270299;0;0.000000;0;0.000000;0;0.000000;0;0.000000;0;0.000000;1;86.150000;0;0.000000;0;0.000000
"2015-12";1405482;2276911;0;0.000000;0;0.000000;0;0.000000;0;0.000000;0;0.000000;0;0.000000;0;0.000000;1;336.000000
"2015-12";1413781;2285530;1;200.000000;1;198.230000;0;0.000000;0;0.000000;0;0.000000;1;357.000000;0;0.000000;1;387.250000
"2015-12";1420529;2292392;0;0.000000;0;0.000000;1;979.300000;0;0.000000;0;0.000000;1;286.000000;0;0.000000;1;190.000000
"2015-12";1429680;2302055;0;0.000000;1;57.520000;0;0.000000;0;0.000000;0;0.000000;2;1141.100000;0;0.000000;1;420.000000
"2015-12";1438693;2308653;0;0.000000;0;0.000000;0;0.000000;0;0.000000;0;0.000000;1;116.000000;0;0.000000;0;0.000000
"2015-12";1444778;2317100;0;0.000000;0;0.000000;0;0.000000;0;0.000000;0;0.000000;1;314.000000;0;0.000000;0;0.000000
"2015-12";1452441;2325217;0;0.000000;0;0.000000;1;220.000000;0;0.000000;0;0.000000;3;1710.710000;0;0.000000;2;695.000000
"2015-12";1458818;2331118;0;0.000000;0;0.000000;0;0.000000;0;0.000000;0;0.000000;0;0.000000;0;0.000000;1;87.140000
"2015-12";1464874;2337724;0;0.000000;1;74.000000;0;0.000000;0;0.000000;0;0.000000;0;0.000000;0;0.000000;0;0.000000
"2015-12";1471204;2344384;0;0.000000;2;806.000000;1;200.000000;2;623.060000;0;0.000000;5;1930.950000;0;0.000000;1;210.800000
"2015-12";1478519;2351583;0;0.000000;1;60.000000;0;0.000000;0;0.000000;0;0.000000;1;70.000000;0;0.000000;0;0.000000
"2015-12";1485202;2358537;1;660.000000;1;168.020000;1;180.000000;0;0.000000;0;0.000000;1;130.000000;1;5500.000000;3;1167.000000
"2015-12";1492765;2366309;0;0.000000;0;0.000000;0;0.000000;0;0.000000;0;0.000000;0;0.000000;0;0.000000;2;1532.000000
"2015-12";1500096;2374183;0;0.000000;0;0.000000;0;0.000000;0;0.000000;0;0.000000;1;147.090000;0;0.000000;0;0.000000
"2015-12";1507560;2381283;4;650.000000;2;365.000000;0;0.000000;0;0.000000;0;0.000000;2;2352.300000;0;0.000000;2;469.000000
"2015-12";1514985;2389296;3;1790.080000;1;92.700000;3;917.000000;0;0.000000;0;0.000000;1;215.560000;0;0.000000;3;1074.410000
"2015-12";1522524;2396128;0;0.000000;0;0.000000;0;0.000000;0;0.000000;0;0.000000;1;66.120000;0;0.000000;0;0.000000
"2015-12";1530279;2407768;5;1910.080000;0;0.000000;4;3878.000000;0;0.000000;0;0.000000;1;731.990000;1;1454.000000;4;2514.000000
"2015-12";1532516;2406936;0;0.000000;0;0.000000;2;1530.000000;0;0.000000;0;0.000000;0;0.000000;0;0.000000;0;0.000000
"2015-12";1534354;2407632;0;0.000000;0;0.000000;0;0.000000;1;1593.000000;0;0.000000;0;0.000000;0;0.000000;0;0.000000
"2015-12";1535743;2409748;3;900.000000;0;0.000000;0;0.000000;0;0.000000;0;0.000000;0;0.000000;0;0.000000;0;0.000000
"2015-12";1542051;2416507;0;0.000000;1;154.990000;1;45.000000;0;0.000000;0;0.000000;2;318.740000;1;368.000000;1;97.000000
"2015-12";1551364;3019308;0;0.000000;0;0.000000;0;0.000000;0;0.000000;0;0.000000;0;0.000000;0;0.000000;1;60.000000
"2015-12";1561916;2901211;0;0.000000;1;206.000000;0;0.000000;0;0.000000;0;0.000000;1;505.790000;0;0.000000;0;0.000000
"2015-12";1572651;2778423;4;600.000000;0;0.000000;4;869.980000;0;0.000000;0;0.000000;4;2289.380000;0;0.000000;2;553.960000
"2015-12";1583374;2659215;0;0.000000;0;0.000000;1;668.000000;0;0.000000;0;0.000000;0;0.000000;0;0.000000;0;0.000000
"2015-12";1593941;2552269;2;92.700000;3;809.110000;4;1029.960000;4;140.000000;1;350.000000;5;3353.400000;0;0.000000;9;3563.420000
"2015-12";1604109;2445949;1;650.000000;0;0.000000;0;0.000000;0;0.000000;0;0.000000;2;1022.050000;0;0.000000;0;0.000000
"2015-12";1614542;2431457;3;1919.000000;4;6496.470000;1;2829.570000;0;0.000000;0;0.000000;6;3571.840000;1;1153.000000;4;4933.550000
"2015-12";1625455;2443724;0;0.000000;2;1908.360000;0;0.000000;0;0.000000;0;0.000000;1;211.920000;0;0.000000;0;0.000000
"2015-12";1635825;2456499;0;0.000000;2;641.000000;0;0.000000;0;0.000000;0;0.000000;3;418.840000;0;0.000000;0;0.000000
"2015-12";1646707;2467972;2;979.370000;0;0.000000;0;0.000000;0;0.000000;0;0.000000;0;0.000000;0;0.000000;0;0.000000
"2015-12";1657591;2480389;0;0.000000;1;197.500000;1;177.000000;0;0.000000;0;0.000000;1;3287.890000;0;0.000000;2;3756.000000
"2015-12";1667796;2492686;0;0.000000;6;1428.260000;3;1242.000000;0;0.000000;0;0.000000;2;1922.900000;0;0.000000;6;1704.670000
"2015-12";1678335;2505753;2;210.000000;0;0.000000;0;0.000000;0;0.000000;0;0.000000;3;825.780000;0;0.000000;2;3449.250000
"2015-12";1689052;2516966;6;1628.000000;9;2998.910000;8;5123.650000;0;0.000000;0;0.000000;1;906.000000;0;0.000000;16;5344.290000
"2015-12";1700047;2530604;0;0.000000;1;155.000000;0;0.000000;0;0.000000;0;0.000000;0;0.000000;0;0.000000;0;0.000000
"2015-12";1710690;2541308;0;0.000000;1;270.000000;4;917.600000;0;0.000000;1;230.000000;1;2035.060000;0;0.000000;9;2681.320000
"2015-12";1720913;2553164;1;470.000000;1;950.960000;0;0.000000;0;0.000000;0;0.000000;0;0.000000;0;0.000000;0;0.000000
"2015-12";1731362;2567249;0;0.000000;0;0.000000;0;0.000000;0;0.000000;0;0.000000;0;0.000000;0;0.000000;2;71.000000
"2015-12";1741958;2576954;0;0.000000;0;0.000000;0;0.000000;0;0.000000;0;0.000000;1;600.000000;0;0.000000;0;0.000000
"2015-12";1752398;2590269;1;180.000000;0;0.000000;0;0.000000;0;0.000000;0;0.000000;0;0.000000;0;0.000000;0;0.000000
"2015-12";1763279;2601172;2;1131.860000;1;633.310000;0;0.000000;0;0.000000;0;0.000000;4;642.500000;1;2403.510000;2;853.000000
"2015-12";1774786;2615149;0;0.000000;0;0.000000;0;0.000000;0;0.000000;0;0.000000;0;0.000000;0;0.000000;4;3194.870000
"2015-12";1784910;2626631;0;0.000000;0;0.000000;0;0.000000;0;0.000000;0;0.000000;1;500.000000;0;0.000000;0;0.000000
"2015-12";1796252;2639031;2;250.600000;1;194.000000;0;0.000000;0;0.000000;0;0.000000;3;503.430000;0;0.000000;0;0.000000
"2015-12";1806997;2651660;0;0.000000;1;106.000000;0;0.000000;0;0.000000;0;0.000000;1;411.820000;0;0.000000;1;112.500000
"2015-12";1818028;2663324;1;705.000000;1;175.000000;0;0.000000;0;0.000000;0;0.000000;3;1394.730000;0;0.000000;4;908.420000
"2015-12";1828819;2675842;3;1080.000000;3;1403.600000;1;1645.980000;0;0.000000;0;0.000000;5;2616.080000;1;5200.000000;1;1000.000000
"2015-12";1839612;2688800;0;0.000000;0;0.000000;0;0.000000;0;0.000000;0;0.000000;4;1924.500000;0;0.000000;3;704.740000
"2015-12";1850284;2699860;3;100.000000;0;0.000000;0;0.000000;0;0.000000;0;0.000000;0;0.000000;0;0.000000;0;0.000000
"2015-12";1860748;2712405;0;0.000000;1;200.000000;0;0.000000;0;0.000000;0;0.000000;0;0.000000;0;0.000000;0;0.000000
"2015-12";1871253;2724867;0;0.000000;1;121.000000;2;730.000000;0;0.000000;0;0.000000;10;2882.970000;0;0.000000;2;972.710000
"2015-12";1882565;2737398;1;200.000000;0;0.000000;0;0.000000;0;0.000000;0;0.000000;0;0.000000;0;0.000000;0;0.000000
"2015-12";1893019;2749642;0;0.000000;0;0.000000;0;0.000000;1;60.000000;0;0.000000;25;4126.050000;0;0.000000;5;471.500000
"2015-12";1903606;2761315;5;574.130000;1;525.000000;0;0.000000;0;0.000000;0;0.000000;1;555.150000;0;0.000000;4;3033.970000
"2015-12";1914119;2773005;2;1930.240000;2;330.000000;5;10870.470000;0;0.000000;0;0.000000;2;817.630000;0;0.000000;2;170.000000
"2015-12";1925277;2785644;0;0.000000;0;0.000000;0;0.000000;0;0.000000;0;0.000000;0;0.000000;0;0.000000;1;210.000000
"2015-12";1935761;2798885;5;1785.000000;4;930.000000;1;446.980000;0;0.000000;0;0.000000;9;4233.340000;0;0.000000;13;4866.070000
"2015-12";1946726;2810105;0;0.000000;0;0.000000;0;0.000000;0;0.000000;0;0.000000;3;882.070000;0;0.000000;0;0.000000
"2015-12";1957739;2823268;2;570.000000;0;0.000000;0;0.000000;0;0.000000;0;0.000000;0;0.000000;0;0.000000;2;1539.800000
"2015-12";1968790;2834721;0;0.000000;2;745.950000;0;0.000000;0;0.000000;0;0.000000;7;1292.400000;2;335.000000;0;0.000000
"2015-12";1979723;2846207;1;40.000000;0;0.000000;0;0.000000;0;0.000000;0;0.000000;6;125.640000;0;0.000000;1;117.570000
"2015-12";1989639;2858101;0;0.000000;0;0.000000;0;0.000000;0;0.000000;0;0.000000;1;221.730000;0;0.000000;0;0.000000
"2015-12";2000199;2870286;1;100.260000;0;0.000000;0;0.000000;0;0.000000;0;0.000000;0;0.000000;0;0.000000;6;7673.000000
"2015-12";2010764;2880797;1;33.000000;0;0.000000;0;0.000000;0;0.000000;0;0.000000;0;0.000000;0;0.000000;2;181.990000
"2015-12";2022074;2894786;2;400.000000;1;258.000000;0;0.000000;0;0.000000;0;0.000000;1;586.000000;0;0.000000;2;1689.000000
"2015-12";2032772;2907934;0;0.000000;0;0.000000;0;0.000000;0;0.000000;0;0.000000;5;1481.110000;0;0.000000;0;0.000000
"2015-12";2042970;2918505;0;0.000000;0;0.000000;0;0.000000;0;0.000000;0;0.000000;2;459.270000;0;0.000000;0;0.000000
"2015-12";2053748;2930845;3;164.000000;0;0.000000;0;0.000000;0;0.000000;0;0.000000;0;0.000000;0;0.000000;3;819.580000
"2015-12";2064077;2942045;0;0.000000;0;0.000000;1;600.000000;0;0.000000;0;0.000000;0;0.000000;0;0.000000;0;0.000000
"2015-12";2074458;2954845;0;0.000000;0;0.000000;2;200.000000;0;0.000000;0;0.000000;3;211.080000;0;0.000000;5;271.700000
"2015-12";2085444;2968265;2;11.700000;2;127.000000;1;900.000000;0;0.000000;0;0.000000;1;191.710000;0;0.000000;2;457.150000
"2015-12";2096005;2978594;0;0.000000;0;0.000000;2;825.000000;0;0.000000;0;0.000000;0;0.000000;0;0.000000;0;0.000000
"2015-12";2107046;2990898;1;300.000000;2;417.370000;0;0.000000;2;160.000000;0;0.000000;1;919.880000;0;0.000000;4;1376.200000
"2015-12";2117602;3003156;0;0.000000;0;0.000000;2;369.600000;0;0.000000;0;0.000000;9;3566.450000;0;0.000000;0;0.000000
"2015-12";2128385;3013950;2;810.000000;0;0.000000;0;0.000000;0;0.000000;0;0.000000;0;0.000000;0;0.000000;1;232.000000
"2015-12";2139063;3027833;0;0.000000;3;1594.100000;1;850.000000;0;0.000000;0;0.000000;0;0.000000;0;0.000000;1;169.000000
"2015-12";2165498;3039957;1;200.000000;0;0.000000;1;1148.000000;0;0.000000;0;0.000000;3;279.530000;0;0.000000;2;660.000000
"2015-12";2175958;3051072;0;0.000000;0;0.000000;0;0.000000;0;0.000000;0;0.000000;1;117.400000;0;0.000000;1;512.000000
"2015-12";2183561;3060131;2;600.100000;0;0.000000;0;0.000000;0;0.000000;0;0.000000;0;0.000000;0;0.000000;1;1609.000000
"2015-12";2190358;3065483;0;0.000000;0;0.000000;1;130.000000;0;0.000000;0;0.000000;3;1835.830000;0;0.000000;3;555.000000
"2015-12";2201121;3076318;0;0.000000;0;0.000000;0;0.000000;0;0.000000;0;0.000000;1;66.480000;0;0.000000;0;0.000000
"2015-12";2208136;3084077;4;1700.070000;6;826.040000;0;0.000000;0;0.000000;0;0.000000;8;819.950000;0;0.000000;0;0.000000
"2015-12";2215483;3090996;0;0.000000;0;0.000000;0;0.000000;0;0.000000;0;0.000000;3;470.870000;0;0.000000;0;0.000000
"2015-12";2224476;3100811;0;0.000000;0;0.000000;0;0.000000;0;0.000000;0;0.000000;3;1623.560000;0;0.000000;1;936.000000
"2015-12";2231557;3107013;0;0.000000;0;0.000000;1;380.000000;0;0.000000;0;0.000000;0;0.000000;0;0.000000;2;553.710000
"2015-12";2239721;3116452;0;0.000000;0;0.000000;0;0.000000;0;0.000000;0;0.000000;2;433.020000;0;0.000000;0;0.000000
"2015-12";2248781;3125601;0;0.000000;0;0.000000;0;0.000000;0;0.000000;0;0.000000;5;1132.970000;0;0.000000;0;0.000000
"2015-12";2256591;3133130;1;300.000000;0;0.000000;1;279.000000;0;0.000000;0;0.000000;6;1946.010000;0;0.000000;1;120.000000
"2015-12";2265264;3142300;4;600.200000;1;93.120000;0;0.000000;0;0.000000;0;0.000000;1;182.840000;0;0.000000;6;25406.560000
"2015-12";2274156;3151614;0;0.000000;1;149.680000;1;130.500000;0;0.000000;0;0.000000;0;0.000000;0;0.000000;0;0.000000
"2015-12";2283592;3161746;0;0.000000;0;0.000000;0;0.000000;0;0.000000;0;0.000000;0;0.000000;0;0.000000;4;662.910000
"2015-12";2291620;3169142;0;0.000000;0;0.000000;0;0.000000;0;0.000000;0;0.000000;2;124.000000;0;0.000000;0;0.000000
"2015-12";2298241;3176393;1;200.000000;0;0.000000;0;0.000000;0;0.000000;0;0.000000;4;1890.100000;0;0.000000;6;719.800000
"2015-12";2307631;3185607;0;0.000000;2;796.000000;3;2269.000000;0;0.000000;0;0.000000;1;67.910000;0;0.000000;3;1871.000000
"2015-12";2316022;3194651;0;0.000000;1;842.290000;0;0.000000;0;0.000000;0;0.000000;0;0.000000;0;0.000000;0;0.000000
"2015-12";2324396;3202669;0;0.000000;0;0.000000;0;0.000000;0;0.000000;0;0.000000;1;25.000000;0;0.000000;0;0.000000
"2015-12";2332025;3210097;0;0.000000;0;0.000000;3;1705.000000;0;0.000000;0;0.000000;1;781.170000;0;0.000000;0;0.000000
"2015-12";2338405;3216861;0;0.000000;0;0.000000;2;1215.000000;0;0.000000;0;0.000000;0;0.000000;0;0.000000;0;0.000000
"2015-12";2346706;3226097;0;0.000000;1;26.470000;3;346.120000;0;0.000000;0;0.000000;0;0.000000;0;0.000000;1;453.350000
"2015-12";2353756;3233276;0;0.000000;0;0.000000;0;0.000000;0;0.000000;0;0.000000;5;948.930000;0;0.000000;0;0.000000
"2015-12";2360189;3239833;0;0.000000;0;0.000000;0;0.000000;0;0.000000;0;0.000000;0;0.000000;0;0.000000;1;147.900000
"2015-12";2368686;3247546;0;0.000000;0;0.000000;0;0.000000;0;0.000000;0;0.000000;0;0.000000;0;0.000000;1;140.000000
"2015-12";2374908;3254926;0;0.000000;1;315.000000;0;0.000000;0;0.000000;0;0.000000;0;0.000000;0;0.000000;1;465.900000
"2015-12";2382197;3261761;2;1280.090000;0;0.000000;2;1175.000000;0;0.000000;0;0.000000;4;6932.010000;0;0.000000;0;0.000000
"2015-12";2390903;3271208;0;0.000000;0;0.000000;0;0.000000;0;0.000000;0;0.000000;1;452.530000;0;0.000000;0;0.000000
"2015-12";2863273;3276928;0;0.000000;0;0.000000;0;0.000000;0;0.000000;0;0.000000;2;424.620000;0;0.000000;0;0.000000
"2015-12";2872305;3284735;4;1260.000000;0;0.000000;1;660.000000;0;0.000000;0;0.000000;2;1761.410000;0;0.000000;0;0.000000
"2015-12";2882583;3292827;0;0.000000;0;0.000000;1;380.000000;0;0.000000;0;0.000000;0;0.000000;0;0.000000;1;106.350000
"2015-12";2891253;3299712;7;785.000000;1;495.000000;0;0.000000;0;0.000000;0;0.000000;1;97.750000;0;0.000000;5;616.710000
"2015-12";2901994;3308439;1;100.000000;0;0.000000;0;0.000000;0;0.000000;0;0.000000;1;340.370000;0;0.000000;0;0.000000
"2015-12";2910326;3315272;7;450.030000;2;177.410000;0;0.000000;0;0.000000;0;0.000000;1;50.330000;0;0.000000;3;253.000000
"2015-12";2921199;3324235;0;0.000000;0;0.000000;1;166.000000;0;0.000000;0;0.000000;1;50.000000;0;0.000000;0;0.000000
"2015-12";2931299;3332167;0;0.000000;0;0.000000;0;0.000000;0;0.000000;0;0.000000;1;155.740000;0;0.000000;0;0.000000
"2015-12";2941671;3341263;0;0.000000;0;0.000000;0;0.000000;0;0.000000;0;0.000000;0;0.000000;1;53.000000;3;5396.000000
"2015-12";2952605;3349683;2;900.000000;3;659.600000;0;0.000000;0;0.000000;0;0.000000;2;1016.690000;0;0.000000;0;0.000000
"2015-12";2964338;3359383;0;0.000000;1;242.000000;0;0.000000;0;0.000000;0;0.000000;0;0.000000;0;0.000000;0;0.000000
"2015-12";2975901;3368480;0;0.000000;0;0.000000;1;40.000000;0;0.000000;0;0.000000;0;0.000000;0;0.000000;0;0.000000
"2015-12";2989382;3378072;0;0.000000;0;0.000000;0;0.000000;0;0.000000;0;0.000000;3;1245.180000;0;0.000000;0;0.000000
"2015-12";2999933;3386158;0;0.000000;1;98.860000;0;0.000000;0;0.000000;0;0.000000;1;211.640000;0;0.000000;1;314.600000
"2015-12";3009410;3394432;0;0.000000;4;278.200000;2;890.000000;1;400.000000;0;0.000000;10;2448.570000;1;92.500000;4;632.730000
"2015-12";3020102;3402522;0;0.000000;0;0.000000;0;0.000000;0;0.000000;0;0.000000;0;0.000000;0;0.000000;2;191.640000
"2015-12";3028775;3409614;0;0.000000;0;0.000000;0;0.000000;0;0.000000;0;0.000000;0;0.000000;0;0.000000;2;495.200000
"2015-12";3037509;3415883;0;0.000000;0;0.000000;0;0.000000;0;0.000000;0;0.000000;1;150.000000;0;0.000000;0;0.000000
"2015-12";3047189;3423113;0;0.000000;1;240.000000;0;0.000000;0;0.000000;0;0.000000;0;0.000000;0;0.000000;0;0.000000
"2015-12";3055731;3431116;0;0.000000;0;0.000000;1;735.000000;0;0.000000;0;0.000000;2;191.940000;0;0.000000;3;3631.070000
"2015-12";3065708;3439155;1;200.000000;2;344.460000;2;1703.000000;0;0.000000;0;0.000000;4;2730.070000;0;0.000000;3;1580.000000
"2015-12";3074540;3446489;2;120.000000;0;0.000000;2;419.000000;0;0.000000;0;0.000000;5;2483.660000;0;0.000000;3;543.250000
"2015-12";3082192;3455365;0;0.000000;0;0.000000;0;0.000000;0;0.000000;0;0.000000;1;341.120000;0;0.000000;0;0.000000
"2015-12";3089119;3459737;0;0.000000;2;193.000000;2;3193.400000;0;0.000000;0;0.000000;0;0.000000;0;0.000000;2;255.670000
"2015-12";3098187;3466826;0;0.000000;0;0.000000;1;112.000000;0;0.000000;0;0.000000;0;0.000000;0;0.000000;1;92.000000
"2015-12";3104893;3471147;0;0.000000;0;0.000000;0;0.000000;0;0.000000;0;0.000000;11;9776.000000;0;0.000000;2;177.140000
"2015-12";3112044;3479022;0;0.000000;0;0.000000;0;0.000000;0;0.000000;0;0.000000;3;586.820000;0;0.000000;0;0.000000
"2015-12";3128885;5023139;4;1267.000000;0;0.000000;0;0.000000;0;0.000000;0;0.000000;0;0.000000;0;0.000000;3;1412.140000
"2015-12";3141225;5040080;0;0.000000;0;0.000000;0;0.000000;0;0.000000;0;0.000000;2;3198.930000;0;0.000000;1;0.000000
"2015-12";3156447;5061785;0;0.000000;0;0.000000;0;0.000000;0;0.000000;0;0.000000;0;0.000000;0;0.000000;2;4722.040000
"2015-12";3170105;5078162;0;0.000000;2;891.610000;0;0.000000;0;0.000000;0;0.000000;3;1749.910000;0;0.000000;0;0.000000
"2015-12";3181302;5088648;6;2395.450000;1;180.000000;2;8557.000000;0;0.000000;0;0.000000;10;15722.580000;0;0.000000;12;9046.860000
"2015-12";3192196;5114409;2;400.000000;1;231.470000;0;0.000000;0;0.000000;0;0.000000;1;689.540000;0;0.000000;0;0.000000
"2015-12";3203152;5128223;3;1705.140000;0;0.000000;0;0.000000;0;0.000000;0;0.000000;2;2949.900000;0;0.000000;2;3155.830000
"2015-12";3212972;5141394;2;1050.000000;0;0.000000;4;700.000000;0;0.000000;0;0.000000;2;508.700000;0;0.000000;1;145.000000
"2015-12";3222845;5156278;3;1173.170000;2;820.000000;0;0.000000;0;0.000000;0;0.000000;2;2079.940000;0;0.000000;0;0.000000
"2015-12";3232159;5166036;1;630.000000;0;0.000000;0;0.000000;0;0.000000;0;0.000000;0;0.000000;0;0.000000;0;0.000000
"2015-12";3241342;5182328;0;0.000000;1;61.000000;0;0.000000;1;450.000000;0;0.000000;14;3981.050000;0;0.000000;0;0.000000
"2015-12";3250182;5196640;2;1050.000000;1;146.400000;0;0.000000;0;0.000000;0;0.000000;0;0.000000;0;0.000000;0;0.000000
"2015-12";3259002;5207054;0;0.000000;1;96.940000;0;0.000000;0;0.000000;0;0.000000;1;79.360000;0;0.000000;2;752.000000
"2015-12";3267912;5220286;0;0.000000;0;0.000000;0;0.000000;1;35.000000;0;0.000000;0;0.000000;0;0.000000;0;0.000000
"2015-12";3276872;5227430;0;0.000000;3;185.420000;0;0.000000;0;0.000000;0;0.000000;2;477.350000;0;0.000000;0;0.000000
"2015-12";3286559;5244316;3;570.000000;1;168.150000;0;0.000000;0;0.000000;0;0.000000;6;2471.330000;0;0.000000;0;0.000000
"2015-12";3298286;5252374;4;255.350000;1;703.440000;0;0.000000;0;0.000000;0;0.000000;2;1366.470000;0;0.000000;0;0.000000
"2015-12";3311661;5275809;0;0.000000;0;0.000000;0;0.000000;0;0.000000;0;0.000000;1;500.000000;0;0.000000;0;0.000000
"2015-12";3322978;5293612;0;0.000000;0;0.000000;2;673.000000;0;0.000000;0;0.000000;2;550.660000;0;0.000000;2;761.500000
"2015-12";3335831;5312096;0;0.000000;0;0.000000;0;0.000000;0;0.000000;0;0.000000;1;291.520000;0;0.000000;0;0.000000
"2015-12";3348974;5328900;0;0.000000;0;0.000000;1;1499.000000;0;0.000000;0;0.000000;1;716.800000;0;0.000000;2;1090.500000
"2015-12";3362380;5345329;2;1130.220000;0;0.000000;2;626.000000;0;0.000000;0;0.000000;4;473.900000;0;0.000000;1;113.500000
"2015-12";3375374;5363183;0;0.000000;0;0.000000;0;0.000000;0;0.000000;0;0.000000;8;1549.510000;0;0.000000;0;0.000000
"2015-12";3387344;5380244;0;0.000000;2;500.000000;0;0.000000;0;0.000000;0;0.000000;1;31.660000;0;0.000000;1;2985.720000
"2015-12";3398737;5394089;0;0.000000;0;0.000000;0;0.000000;0;0.000000;0;0.000000;0;0.000000;0;0.000000;1;1413.440000
"2015-12";3409602;5407016;0;0.000000;0;0.000000;0;0.000000;0;0.000000;0;0.000000;2;4200.910000;0;0.000000;0;0.000000
"2015-12";3420277;5423156;0;0.000000;0;0.000000;0;0.000000;0;0.000000;0;0.000000;1;924.000000;0;0.000000;0;0.000000
"2015-12";3430483;5441319;0;0.000000;3;261.360000;5;1488.000000;0;0.000000;0;0.000000;2;1405.560000;0;0.000000;1;258.000000
"2015-12";3440987;5468415;0;0.000000;0;0.000000;0;0.000000;0;0.000000;0;0.000000;1;303.110000;0;0.000000;1;172.400000
"2015-12";3452823;5487597;0;0.000000;0;0.000000;0;0.000000;0;0.000000;0;0.000000;0;0.000000;0;0.000000;1;869.000000
"2015-12";3463003;5503062;0;0.000000;0;0.000000;0;0.000000;0;0.000000;0;0.000000;5;1308.490000;0;0.000000;0;0.000000
"2015-12";3486277;5119454;2;639.000000;0;0.000000;0;0.000000;0;0.000000;0;0.000000;0;0.000000;0;0.000000;0;0.000000
"2015-12";3497892;5106234;0;0.000000;0;0.000000;0;0.000000;0;0.000000;0;0.000000;0;0.000000;0;0.000000;1;1699.000000
"2015-12";3508870;5171855;3;303.000000;3;668.000000;2;416.000000;0;0.000000;0;0.000000;5;1215.240000;0;0.000000;2;655.000000
"2015-12";3520510;5228417;1;300.000000;1;336.000000;0;0.000000;0;0.000000;0;0.000000;2;678.000000;0;0.000000;2;200.000000
"2015-12";3532128;5296857;2;350.000000;0;0.000000;0;0.000000;0;0.000000;0;0.000000;2;303.340000;0;0.000000;0;0.000000
"2015-12";3543629;5126782;5;2470.120000;9;4989.490000;4;2940.000000;2;1121.660000;0;0.000000;4;1496.620000;2;3160.000000;1;108.000000
"2015-12";3555392;5221615;0;0.000000;0;0.000000;0;0.000000;0;0.000000;0;0.000000;0;0.000000;0;0.000000;1;745.060000
"2015-12";3566638;5200343;2;270.000000;0;0.000000;0;0.000000;0;0.000000;0;0.000000;2;1362.480000;0;0.000000;0;0.000000
"2015-12";3578316;5247487;0;0.000000;1;328.000000;1;233.930000;0;0.000000;0;0.000000;2;140.810000;0;0.000000;0;0.000000
"2015-12";3609480;5519238;0;0.000000;5;348.240000;5;1080.000000;1;330.000000;0;0.000000;4;1208.050000;0;0.000000;0;0.000000
"2015-12";3617625;5528695;0;0.000000;1;250.000000;2;1900.000000;0;0.000000;0;0.000000;1;306.960000;0;0.000000;2;761.850000
"2015-12";3624055;5534605;0;0.000000;1;60.000000;0;0.000000;0;0.000000;0;0.000000;0;0.000000;0;0.000000;0;0.000000
"2015-12";3632470;5542955;0;0.000000;0;0.000000;0;0.000000;0;0.000000;0;0.000000;2;175.650000;0;0.000000;0;0.000000
"2015-12";3638670;5549491;1;200.000000;0;0.000000;0;0.000000;0;0.000000;0;0.000000;0;0.000000;0;0.000000;0;0.000000
"2015-12";3646621;5557909;3;198.500000;0;0.000000;0;0.000000;0;0.000000;0;0.000000;1;198.000000;0;0.000000;2;331.000000
"2015-12";3654251;5565556;0;0.000000;0;0.000000;0;0.000000;0;0.000000;0;0.000000;1;1591.050000;0;0.000000;0;0.000000
"2015-12";3660902;5572541;0;0.000000;2;236.300000;0;0.000000;0;0.000000;0;0.000000;0;0.000000;0;0.000000;2;466.970000
"2015-12";3664685;5575379;0;0.000000;0;0.000000;0;0.000000;0;0.000000;0;0.000000;1;663.380000;0;0.000000;0;0.000000
"2015-12";3668583;5578945;0;0.000000;2;739.400000;0;0.000000;0;0.000000;0;0.000000;0;0.000000;0;0.000000;4;7327.390000
"2015-12";3672250;5583333;0;0.000000;1;180.000000;3;3906.000000;0;0.000000;0;0.000000;2;1550.830000;0;0.000000;2;196.910000
"2015-12";3675903;5581754;0;0.000000;1;962.000000;1;990.000000;0;0.000000;0;0.000000;1;175.530000;0;0.000000;0;0.000000
"2015-12";3679462;5591747;0;0.000000;0;0.000000;2;3064.200000;0;0.000000;0;0.000000;0;0.000000;0;0.000000;1;404.000000
"2015-12";3683228;5604042;0;0.000000;0;0.000000;0;0.000000;0;0.000000;0;0.000000;1;218.040000;1;900.000000;1;191.000000
"2015-12";3686831;5595215;0;0.000000;0;0.000000;0;0.000000;0;0.000000;0;0.000000;4;1376.870000;0;0.000000;0;0.000000
"2015-12";3690569;5601508;0;0.000000;2;200.000000;2;4129.000000;0;0.000000;0;0.000000;1;430.830000;1;686.000000;0;0.000000
"2015-12";3694432;5605515;1;400.000000;0;0.000000;0;0.000000;1;239.000000;0;0.000000;0;0.000000;0;0.000000;0;0.000000
"2015-12";3705296;5615821;2;406.000000;0;0.000000;0;0.000000;0;0.000000;0;0.000000;6;1246.210000;0;0.000000;1;514.250000
"2015-12";3716767;5643770;0;0.000000;0;0.000000;0;0.000000;0;0.000000;0;0.000000;1;73.000000;0;0.000000;0;0.000000
"2015-12";3734781;5643516;0;0.000000;0;0.000000;0;0.000000;0;0.000000;0;0.000000;0;0.000000;0;0.000000;2;34.400000
"2015-12";3744886;5655936;0;0.000000;0;0.000000;0;0.000000;0;0.000000;0;0.000000;1;1982.850000;0;0.000000;0;0.000000
"2015-12";3757739;5673566;0;0.000000;0;0.000000;0;0.000000;0;0.000000;0;0.000000;1;70.000000;0;0.000000;0;0.000000
"2015-12";3767333;5691470;0;0.000000;0;0.000000;1;600.000000;0;0.000000;0;0.000000;2;709.790000;0;0.000000;0;0.000000
"2015-12";3779793;5655759;1;100.000000;0;0.000000;0;0.000000;0;0.000000;0;0.000000;0;0.000000;0;0.000000;0;0.000000
"2015-12";3790271;5714938;0;0.000000;0;0.000000;0;0.000000;0;0.000000;0;0.000000;1;74.550000;0;0.000000;0;0.000000
"2015-12";3804643;5748250;0;0.000000;0;0.000000;0;0.000000;0;0.000000;0;0.000000;1;180.000000;0;0.000000;0;0.000000
"2015-12";3812849;5765701;0;0.000000;0;0.000000;0;0.000000;0;0.000000;0;0.000000;3;595.600000;0;0.000000;0;0.000000
"2015-12";3823275;5713125;0;0.000000;0;0.000000;0;0.000000;0;0.000000;0;0.000000;1;80.540000;0;0.000000;0;0.000000
"2015-12";3836134;5723609;0;0.000000;0;0.000000;0;0.000000;0;0.000000;0;0.000000;1;41.700000;0;0.000000;0;0.000000
"2015-12";3845289;5761393;0;0.000000;0;0.000000;0;0.000000;0;0.000000;0;0.000000;0;0.000000;0;0.000000;2;112.000000
"2015-12";3856013;5711436;0;0.000000;0;0.000000;1;150.000000;1;388.000000;0;0.000000;3;500.700000;0;0.000000;1;85.000000
"2015-12";3865473;5777743;0;0.000000;0;0.000000;0;0.000000;0;0.000000;0;0.000000;2;70.000000;0;0.000000;0;0.000000
"2015-12";3872295;5786883;0;0.000000;0;0.000000;0;0.000000;0;0.000000;0;0.000000;3;1600.000000;0;0.000000;0;0.000000
"2015-12";3880659;5793505;0;0.000000;0;0.000000;0;0.000000;0;0.000000;0;0.000000;1;72.000000;0;0.000000;0;0.000000
"2015-12";3888925;5800703;0;0.000000;0;0.000000;0;0.000000;0;0.000000;0;0.000000;1;99.000000;0;0.000000;0;0.000000
"2015-12";3896480;5807240;0;0.000000;0;0.000000;0;0.000000;0;0.000000;0;0.000000;1;67.930000;0;0.000000;0;0.000000
"2015-12";3903374;5823074;0;0.000000;1;54.260000;0;0.000000;0;0.000000;0;0.000000;1;89.780000;0;0.000000;0;0.000000
"2015-12";3909616;5819148;0;0.000000;0;0.000000;0;0.000000;0;0.000000;0;0.000000;1;48.000000;0;0.000000;0;0.000000
"2015-12";3916938;5827624;0;0.000000;0;0.000000;0;0.000000;0;0.000000;0;0.000000;1;70.000000;0;0.000000;0;0.000000
"2015-12";3923779;5835177;0;0.000000;0;0.000000;0;0.000000;0;0.000000;0;0.000000;1;200.000000;0;0.000000;0;0.000000
"2015-12";3930773;5841760;0;0.000000;0;0.000000;5;1870.000000;0;0.000000;0;0.000000;4;1272.860000;0;0.000000;2;776.000000
"2015-12";3937510;5846601;0;0.000000;0;0.000000;0;0.000000;0;0.000000;0;0.000000;2;174.000000;0;0.000000;0;0.000000
"2015-12";3944541;5857324;0;0.000000;0;0.000000;0;0.000000;0;0.000000;0;0.000000;1;33.000000;0;0.000000;0;0.000000
"2015-12";3953345;5864520;2;184.500000;0;0.000000;0;0.000000;0;0.000000;0;0.000000;2;355.810000;0;0.000000;0;0.000000
"2015-12";3959819;5870970;0;0.000000;0;0.000000;0;0.000000;0;0.000000;0;0.000000;1;50.000000;0;0.000000;0;0.000000
"2015-12";3967419;5879235;0;0.000000;0;0.000000;0;0.000000;0;0.000000;0;0.000000;3;576.640000;0;0.000000;0;0.000000
"2015-12";3975092;5886290;0;0.000000;0;0.000000;0;0.000000;0;0.000000;0;0.000000;1;499.500000;0;0.000000;0;0.000000
"2015-12";3984090;5896543;0;0.000000;0;0.000000;0;0.000000;0;0.000000;0;0.000000;0;0.000000;0;0.000000;1;100.000000
"2015-12";3992088;5904302;0;0.000000;0;0.000000;0;0.000000;0;0.000000;0;0.000000;1;49.500000;0;0.000000;0;0.000000
"2015-12";4000119;5911939;2;1253.590000;4;900.550000;0;0.000000;0;0.000000;0;0.000000;2;1098.960000;0;0.000000;1;256.750000
"2015-12";4008673;5920791;0;0.000000;0;0.000000;0;0.000000;0;0.000000;0;0.000000;1;981.950000;0;0.000000;0;0.000000
"2015-12";4015996;5926858;0;0.000000;0;0.000000;0;0.000000;0;0.000000;0;0.000000;4;961.030000;0;0.000000;0;0.000000
"2015-12";4023602;5935682;0;0.000000;0;0.000000;4;1309.990000;0;0.000000;0;0.000000;6;2103.910000;0;0.000000;5;1515.160000
"2015-12";4032838;5946651;1;610.040000;1;251.000000;1;470.000000;0;0.000000;0;0.000000;2;845.560000;0;0.000000;0;0.000000
"2015-12";4042135;5954081;0;0.000000;0;0.000000;0;0.000000;0;0.000000;0;0.000000;0;0.000000;0;0.000000;1;29.000000
"2015-12";4050391;5962799;0;0.000000;0;0.000000;1;1050.000000;0;0.000000;0;0.000000;4;828.570000;0;0.000000;0;0.000000
"2015-12";4057746;5970469;1;200.000000;2;603.800000;10;3076.150000;0;0.000000;0;0.000000;4;1190.000000;0;0.000000;1;802.000000
"2015-12";4065930;5979102;1;300.000000;0;0.000000;0;0.000000;0;0.000000;0;0.000000;3;194.670000;0;0.000000;1;290.000000
"2015-12";4073777;5984703;3;945.990000;8;1487.000000;1;140.000000;0;0.000000;0;0.000000;10;8661.080000;0;0.000000;1;275.000000
"2015-12";4080336;5992822;1;40.000000;0;0.000000;0;0.000000;0;0.000000;0;0.000000;0;0.000000;0;0.000000;0;0.000000
"2015-12";4087912;6000960;4;1033.750000;9;1043.000000;0;0.000000;1;2000.000000;0;0.000000;3;804.370000;0;0.000000;8;4130.350000
"2015-12";4096374;6010302;0;0.000000;0;0.000000;0;0.000000;0;0.000000;0;0.000000;1;41.000000;0;0.000000;0;0.000000
"2015-12";4104123;6017058;0;0.000000;2;399.370000;8;3001.010000;0;0.000000;0;0.000000;5;1675.580000;0;0.000000;3;664.340000
"2015-12";4112318;6024761;0;0.000000;0;0.000000;7;2700.000000;0;0.000000;0;0.000000;9;1699.420000;0;0.000000;8;1264.170000
"2015-12";4122069;6035427;0;0.000000;0;0.000000;0;0.000000;0;0.000000;0;0.000000;1;907.410000;0;0.000000;0;0.000000
"2015-12";4128857;6041374;6;2439.340000;0;0.000000;0;0.000000;0;0.000000;0;0.000000;9;2577.210000;0;0.000000;1;229.000000
"2015-12";4136120;6049086;0;0.000000;0;0.000000;0;0.000000;0;0.000000;0;0.000000;0;0.000000;0;0.000000;1;124.000000
"2015-12";4145128;6058646;0;0.000000;0;0.000000;0;0.000000;0;0.000000;0;0.000000;1;60.000000;0;0.000000;0;0.000000
"2015-12";4152693;6064757;0;0.000000;0;0.000000;0;0.000000;0;0.000000;0;0.000000;0;0.000000;0;0.000000;3;3876.070000
"2015-12";4162465;6075840;5;1500.000000;0;0.000000;4;2349.000000;0;0.000000;0;0.000000;2;289.590000;0;0.000000;2;325.410000
"2015-12";4171991;6085502;1;135.000000;1;120.000000;0;0.000000;0;0.000000;0;0.000000;5;757.770000;0;0.000000;1;45.000000
"2015-12";4179681;6093097;0;0.000000;0;0.000000;0;0.000000;0;0.000000;0;0.000000;3;2731.780000;0;0.000000;0;0.000000
"2015-12";4187788;6100859;0;0.000000;0;0.000000;0;0.000000;0;0.000000;0;0.000000;0;0.000000;0;0.000000;1;1470.000000
"2015-12";4196201;6109573;0;0.000000;0;0.000000;0;0.000000;0;0.000000;0;0.000000;1;129.520000;0;0.000000;0;0.000000
"2015-12";4204301;6113713;0;0.000000;0;0.000000;0;0.000000;0;0.000000;0;0.000000;1;50.000000;0;0.000000;0;0.000000
"2015-12";4216805;6132826;0;0.000000;6;732.000000;2;243.000000;0;0.000000;0;0.000000;0;0.000000;0;0.000000;6;1382.040000
"2015-12";4235041;6149445;1;645.720000;0;0.000000;3;1783.000000;1;90.000000;0;0.000000;0;0.000000;0;0.000000;2;1363.000000
"2015-12";4246719;6160996;2;294.430000;7;695.620000;0;0.000000;0;0.000000;0;0.000000;0;0.000000;1;154.600000;3;1439.480000
"2015-12";4257292;6172157;6;2450.010000;0;0.000000;0;0.000000;0;0.000000;0;0.000000;0;0.000000;0;0.000000;1;295.720000
"2015-12";4264373;6179635;0;0.000000;0;0.000000;0;0.000000;0;0.000000;0;0.000000;2;135.000000;0;0.000000;0;0.000000
"2015-12";4275637;6190433;6;1537.030000;2;300.000000;0;0.000000;0;0.000000;0;0.000000;1;370.550000;0;0.000000;1;190.000000
"2015-12";4410104;6377769;4;1200.410000;1;84.000000;0;0.000000;0;0.000000;0;0.000000;10;4936.420000;0;0.000000;3;1570.640000
"2015-12";4508823;6534078;0;0.000000;1;148.000000;0;0.000000;0;0.000000;0;0.000000;0;0.000000;0;0.000000;0;0.000000
"2015-12";4517053;6543295;0;0.000000;0;0.000000;0;0.000000;0;0.000000;0;0.000000;1;80.000000;0;0.000000;0;0.000000
"2015-12";4523816;6551122;0;0.000000;0;0.000000;0;0.000000;0;0.000000;0;0.000000;1;81.000000;0;0.000000;0;0.000000
"2015-12";4531904;6559875;1;450.000000;2;493.000000;2;2771.000000;0;0.000000;0;0.000000;1;1931.680000;0;0.000000;2;769.000000
"2015-12";4540428;6568366;0;0.000000;0;0.000000;0;0.000000;1;269.050000;0;0.000000;15;1103.620000;0;0.000000;2;191.000000
"2015-12";4547310;6575914;0;0.000000;0;0.000000;0;0.000000;0;0.000000;0;0.000000;2;167.000000;0;0.000000;0;0.000000
"2015-12";4554668;6584020;0;0.000000;0;0.000000;0;0.000000;0;0.000000;0;0.000000;1;1184.000000;0;0.000000;0;0.000000
"2015-12";4559989;6589072;2;40.500000;1;243.000000;1;396.000000;0;0.000000;0;0.000000;0;0.000000;0;0.000000;1;900.000000
"2015-12";4626352;6063646;0;0.000000;1;161.170000;0;0.000000;0;0.000000;0;0.000000;1;156.000000;0;0.000000;0;0.000000
"2015-12";4706318;6604751;0;0.000000;0;0.000000;2;3189.000000;0;0.000000;0;0.000000;0;0.000000;0;0.000000;4;710.600000
"2015-12";4713152;6612460;0;0.000000;0;0.000000;0;0.000000;0;0.000000;0;0.000000;1;174.030000;0;0.000000;0;0.000000
"2015-12";4721375;6620282;0;0.000000;0;0.000000;0;0.000000;0;0.000000;0;0.000000;1;6.500000;0;0.000000;0;0.000000
"2015-12";4730043;6629754;0;0.000000;0;0.000000;1;49.000000;0;0.000000;0;0.000000;0;0.000000;0;0.000000;0;0.000000
"2015-12";4738061;6637623;0;0.000000;2;647.170000;1;420.000000;0;0.000000;0;0.000000;14;2102.120000;0;0.000000;2;305.000000
"2015-12";4746061;6645930;0;0.000000;2;285.000000;6;1133.000000;1;245.000000;0;0.000000;0;0.000000;0;0.000000;1;117.000000
"2015-12";5309503;6652873;1;200.000000;0;0.000000;0;0.000000;0;0.000000;0;0.000000;0;0.000000;0;0.000000;0;0.000000
"2015-12";5327494;6676788;0;0.000000;0;0.000000;0;0.000000;0;0.000000;0;0.000000;1;300.000000;0;0.000000;0;0.000000
"2015-12";5336249;6678346;0;0.000000;0;0.000000;0;0.000000;0;0.000000;0;0.000000;1;80.920000;0;0.000000;0;0.000000
"2015-12";5342862;6684108;1;440.000000;0;0.000000;0;0.000000;0;0.000000;0;0.000000;0;0.000000;0;0.000000;0;0.000000
"2015-12";5352587;6691842;1;680.000000;0;0.000000;1;460.000000;1;435.000000;0;0.000000;8;3671.110000;0;0.000000;2;392.870000
"2015-12";5363091;6702053;1;150.000000;0;0.000000;0;0.000000;0;0.000000;0;0.000000;1;48.290000;0;0.000000;0;0.000000
"2015-12";5370515;6706349;0;0.000000;0;0.000000;1;50.000000;0;0.000000;0;0.000000;0;0.000000;0;0.000000;0;0.000000
"2015-12";5377359;6713648;0;0.000000;1;246.000000;0;0.000000;0;0.000000;0;0.000000;0;0.000000;0;0.000000;2;5373.550000
"2015-12";5386765;6723034;0;0.000000;1;285.000000;0;0.000000;0;0.000000;0;0.000000;2;4415.120000;0;0.000000;0;0.000000
"2015-12";5394315;6729745;0;0.000000;0;0.000000;0;0.000000;0;0.000000;0;0.000000;0;0.000000;0;0.000000;1;264.150000
"2015-12";5402403;6738886;0;0.000000;0;0.000000;0;0.000000;0;0.000000;0;0.000000;1;200.000000;0;0.000000;0;0.000000
"2015-12";5410715;6742575;0;0.000000;0;0.000000;1;50.000000;0;0.000000;0;0.000000;0;0.000000;1;3630.000000;0;0.000000
"2015-12";5421366;6752361;1;300.000000;0;0.000000;0;0.000000;0;0.000000;0;0.000000;0;0.000000;0;0.000000;0;0.000000
"2015-12";5445663;6776163;0;0.000000;0;0.000000;1;410.000000;0;0.000000;0;0.000000;0;0.000000;0;0.000000;0;0.000000
"2015-12";5453388;6782778;0;0.000000;1;50.000000;0;0.000000;0;0.000000;0;0.000000;0;0.000000;0;0.000000;0;0.000000
"2015-12";5462115;6790192;0;0.000000;0;0.000000;0;0.000000;0;0.000000;0;0.000000;1;55.790000;0;0.000000;0;0.000000
"2015-12";5471913;6798927;0;0.000000;1;210.610000;1;148.980000;0;0.000000;0;0.000000;8;1984.630000;0;0.000000;5;3608.990000
"2015-12";5481900;6806597;0;0.000000;1;900.000000;0;0.000000;0;0.000000;0;0.000000;0;0.000000;0;0.000000;0;0.000000
"2015-12";5489652;6813768;0;0.000000;0;0.000000;0;0.000000;0;0.000000;0;0.000000;0;0.000000;0;0.000000;1;125.000000
"2015-12";5497794;6822040;1;500.000000;2;323.000000;0;0.000000;1;1028.000000;0;0.000000;1;293.970000;0;0.000000;0;0.000000
"2015-12";5508630;6830997;0;0.000000;0;0.000000;0;0.000000;0;0.000000;0;0.000000;2;444.790000;0;0.000000;0;0.000000
"2015-12";5517061;6838031;1;25.000000;2;181.000000;2;878.000000;0;0.000000;0;0.000000;2;525.650000;0;0.000000;4;280.000000
"2015-12";5523781;6843889;3;1312.500000;2;120.000000;0;0.000000;0;0.000000;0;0.000000;0;0.000000;0;0.000000;1;270.590000
"2015-12";5533238;6852787;0;0.000000;0;0.000000;0;0.000000;0;0.000000;0;0.000000;0;0.000000;0;0.000000;1;219.000000
"2015-12";5542548;6861698;2;690.000000;0;0.000000;0;0.000000;0;0.000000;0;0.000000;1;1293.510000;0;0.000000;0;0.000000
"2015-12";5549414;6865502;0;0.000000;0;0.000000;0;0.000000;0;0.000000;0;0.000000;1;56.000000;0;0.000000;0;0.000000
"2015-12";5556634;6874327;1;500.000000;0;0.000000;0;0.000000;0;0.000000;0;0.000000;0;0.000000;0;0.000000;0;0.000000
"2015-12";5564503;6881036;1;300.000000;1;765.360000;0;0.000000;0;0.000000;0;0.000000;1;192.630000;0;0.000000;2;539.240000
"2015-12";5572743;6889033;0;0.000000;0;0.000000;0;0.000000;0;0.000000;0;0.000000;1;64.000000;0;0.000000;0;0.000000
"2015-12";5579311;6893168;2;400.000000;0;0.000000;0;0.000000;0;0.000000;0;0.000000;0;0.000000;0;0.000000;0;0.000000
"2015-12";5586740;6900505;0;0.000000;0;0.000000;0;0.000000;0;0.000000;0;0.000000;1;425.280000;0;0.000000;0;0.000000
"2015-12";5594811;6908735;0;0.000000;0;0.000000;0;0.000000;0;0.000000;0;0.000000;1;70.000000;0;0.000000;0;0.000000
"2015-12";5605018;6916558;1;150.000000;0;0.000000;0;0.000000;0;0.000000;0;0.000000;0;0.000000;0;0.000000;1;85.000000
"2015-12";5612390;6923811;0;0.000000;0;0.000000;0;0.000000;0;0.000000;0;0.000000;0;0.000000;0;0.000000;1;124.000000
"2015-12";5620168;6931023;0;0.000000;0;0.000000;0;0.000000;0;0.000000;0;0.000000;0;0.000000;0;0.000000;1;216.280000
"2015-12";5627925;6937197;5;977.500000;3;520.000000;0;0.000000;0;0.000000;0;0.000000;2;1480.370000;0;0.000000;3;1077.980000
"2015-12";5636179;6943385;0;0.000000;0;0.000000;0;0.000000;0;0.000000;0;0.000000;1;61.010000;0;0.000000;0;0.000000
"2015-12";5644757;6952318;4;472.000000;0;0.000000;0;0.000000;0;0.000000;0;0.000000;0;0.000000;0;0.000000;0;0.000000
"2015-12";5651743;6957386;1;47.000000;0;0.000000;0;0.000000;0;0.000000;0;0.000000;0;0.000000;0;0.000000;0;0.000000
"2015-12";5657464;6962264;0;0.000000;0;0.000000;1;125.000000;0;0.000000;0;0.000000;0;0.000000;0;0.000000;0;0.000000
"2015-12";5665529;6975728;0;0.000000;0;0.000000;0;0.000000;0;0.000000;0;0.000000;1;723.300000;0;0.000000;1;200.000000
"2015-12";5671503;6971257;0;0.000000;0;0.000000;0;0.000000;0;0.000000;0;0.000000;1;219.000000;0;0.000000;0;0.000000
"2015-12";5678320;6995265;0;0.000000;1;51.000000;0;0.000000;0;0.000000;0;0.000000;1;34.000000;0;0.000000;0;0.000000
"2015-12";5682399;6991213;0;0.000000;0;0.000000;0;0.000000;0;0.000000;0;0.000000;1;241.480000;0;0.000000;0;0.000000
"2015-12";5686475;6984784;0;0.000000;0;0.000000;0;0.000000;0;0.000000;0;0.000000;2;279.410000;0;0.000000;0;0.000000
"2015-12";5690909;6990115;0;0.000000;0;0.000000;0;0.000000;0;0.000000;0;0.000000;0;0.000000;0;0.000000;1;34.000000
"2015-12";5695269;6984233;0;0.000000;0;0.000000;1;475.000000;0;0.000000;0;0.000000;0;0.000000;0;0.000000;0;0.000000
"2015-12";5700294;7007365;0;0.000000;0;0.000000;1;970.000000;0;0.000000;0;0.000000;6;922.910000;0;0.000000;4;884.560000
"2015-12";5705376;7023402;0;0.000000;1;592.000000;0;0.000000;0;0.000000;0;0.000000;4;2942.010000;0;0.000000;0;0.000000
"2015-12";5710165;7047313;0;0.000000;0;0.000000;1;90.000000;0;0.000000;0;0.000000;0;0.000000;0;0.000000;0;0.000000
"2015-12";5715255;7045710;0;0.000000;1;692.410000;0;0.000000;0;0.000000;0;0.000000;0;0.000000;0;0.000000;0;0.000000
"2015-12";5719915;7037218;0;0.000000;0;0.000000;0;0.000000;0;0.000000;0;0.000000;0;0.000000;0;0.000000;1;100.000000
"2015-12";5724986;7040763;0;0.000000;0;0.000000;0;0.000000;0;0.000000;0;0.000000;7;1191.410000;0;0.000000;0;0.000000
"2015-12";5729816;7049466;0;0.000000;0;0.000000;1;275.000000;0;0.000000;0;0.000000;0;0.000000;0;0.000000;0;0.000000
"2015-12";5734757;7015718;0;0.000000;0;0.000000;0;0.000000;0;0.000000;0;0.000000;4;874.000000;0;0.000000;0;0.000000
"2015-12";5739847;7032177;0;0.000000;2;104.000000;0;0.000000;0;0.000000;0;0.000000;0;0.000000;0;0.000000;7;615.770000
"2015-12";5744651;7018093;0;0.000000;0;0.000000;4;3337.000000;0;0.000000;0;0.000000;4;724.500000;0;0.000000;1;725.000000
"2015-12";5753701;7078661;3;600.000000;2;489.490000;0;0.000000;0;0.000000;0;0.000000;3;637.460000;0;0.000000;1;196.000000
"2015-12";5783719;7086933;1;60.000000;0;0.000000;0;0.000000;0;0.000000;0;0.000000;0;0.000000;1;116.000000;0;0.000000
"2015-12";5845992;7095592;0;0.000000;0;0.000000;0;0.000000;0;0.000000;0;0.000000;1;60.600000;0;0.000000;0;0.000000
"2015-12";5852412;7103703;0;0.000000;0;0.000000;0;0.000000;0;0.000000;0;0.000000;1;896.650000;0;0.000000;0;0.000000
"2015-12";5856508;7107695;0;0.000000;0;0.000000;0;0.000000;0;0.000000;0;0.000000;0;0.000000;0;0.000000;1;200.000000
"2015-12";5862170;7111007;1;250.000000;0;0.000000;1;800.000000;0;0.000000;0;0.000000;5;4026.280000;0;0.000000;0;0.000000
"2015-12";5870666;7118546;0;0.000000;0;0.000000;0;0.000000;0;0.000000;0;0.000000;0;0.000000;0;0.000000;1;1118.000000
"2015-12";5877890;7124802;2;550.000000;0;0.000000;0;0.000000;0;0.000000;0;0.000000;2;929.000000;0;0.000000;1;225.000000
"2015-12";5887913;7135395;1;300.000000;0;0.000000;0;0.000000;0;0.000000;0;0.000000;0;0.000000;0;0.000000;0;0.000000
"2015-12";5894780;7139312;2;700.010000;2;118.000000;0;0.000000;0;0.000000;0;0.000000;0;0.000000;0;0.000000;3;311.410000
"2015-12";5902542;7147166;0;0.000000;0;0.000000;0;0.000000;0;0.000000;0;0.000000;1;1439.510000;0;0.000000;0;0.000000
"2015-12";5907279;7149629;0;0.000000;1;79.000000;0;0.000000;0;0.000000;0;0.000000;1;83.000000;0;0.000000;0;0.000000
"2015-12";5950176;7159250;0;0.000000;1;18.000000;0;0.000000;0;0.000000;0;0.000000;0;0.000000;0;0.000000;0;0.000000
"2015-12";5960423;7200900;0;0.000000;0;0.000000;0;0.000000;0;0.000000;0;0.000000;1;36.000000;0;0.000000;0;0.000000
"2015-12";5966964;7206904;1;150.000000;0;0.000000;1;570.000000;0;0.000000;0;0.000000;0;0.000000;0;0.000000;3;1504.000000
"2015-12";5972845;7212861;0;0.000000;0;0.000000;0;0.000000;0;0.000000;0;0.000000;0;0.000000;0;0.000000;1;493.000000
"2015-12";5984117;7222027;0;0.000000;1;397.000000;1;590.000000;1;260.000000;0;0.000000;0;0.000000;0;0.000000;0;0.000000
"2015-12";5992920;7229979;0;0.000000;2;402.640000;0;0.000000;1;1428.000000;0;0.000000;0;0.000000;0;0.000000;0;0.000000
"2015-12";5997646;7232499;0;0.000000;1;100.000000;0;0.000000;0;0.000000;0;0.000000;0;0.000000;0;0.000000;0;0.000000
"2015-12";6003728;7238723;2;800.000000;0;0.000000;0;0.000000;0;0.000000;0;0.000000;3;1710.000000;0;0.000000;0;0.000000
"2015-12";6015164;7248441;0;0.000000;0;0.000000;0;0.000000;1;240.000000;0;0.000000;2;716.690000;0;0.000000;0;0.000000
"2015-12";6024088;7257460;0;0.000000;0;0.000000;0;0.000000;0;0.000000;0;0.000000;0;0.000000;0;0.000000;2;213.750000
"2015-12";6027508;7260929;0;0.000000;0;0.000000;0;0.000000;0;0.000000;0;0.000000;0;0.000000;0;0.000000;3;1058.680000
"2015-12";6036525;7267683;1;86.500000;4;436.000000;2;1090.000000;0;0.000000;0;0.000000;1;752.140000;0;0.000000;3;4938.000000
"2015-12";6048516;7276718;0;0.000000;0;0.000000;0;0.000000;0;0.000000;0;0.000000;0;0.000000;0;0.000000;1;160.000000
"2015-12";6056911;7286913;4;1284.690000;0;0.000000;0;0.000000;2;968.220000;0;0.000000;1;578.300000;0;0.000000;2;536.290000
"2015-12";6060835;7287598;0;0.000000;0;0.000000;0;0.000000;0;0.000000;0;0.000000;1;86.000000;0;0.000000;0;0.000000
"2015-12";6071049;7297286;0;0.000000;0;0.000000;0;0.000000;0;0.000000;0;0.000000;1;400.000000;0;0.000000;0;0.000000
"2015-12";6083910;7308812;0;0.000000;0;0.000000;0;0.000000;0;0.000000;0;0.000000;1;50.000000;0;0.000000;0;0.000000
"2015-12";6091857;7314934;0;0.000000;3;96.900000;1;780.000000;0;0.000000;0;0.000000;1;145.350000;4;1552.630000;4;2557.740000
"2015-12";6095504;7319738;0;0.000000;1;33.000000;0;0.000000;0;0.000000;1;40.000000;7;325.690000;0;0.000000;1;284.800000
"2015-12";6107251;7328340;0;0.000000;0;0.000000;0;0.000000;0;0.000000;0;0.000000;1;50.000000;0;0.000000;0;0.000000
"2015-12";6116065;7337235;0;0.000000;0;0.000000;0;0.000000;0;0.000000;0;0.000000;1;159.880000;0;0.000000;0;0.000000
"2015-12";6122970;7342806;0;0.000000;0;0.000000;0;0.000000;0;0.000000;0;0.000000;1;152.950000;0;0.000000;5;910.300000
"2015-12";6134990;7352787;0;0.000000;0;0.000000;11;6248.000000;0;0.000000;0;0.000000;3;2211.900000;0;0.000000;3;631.370000
"2015-12";6147253;7364480;0;0.000000;0;0.000000;0;0.000000;0;0.000000;0;0.000000;1;39.250000;0;0.000000;0;0.000000
"2015-12";6153956;7370457;0;0.000000;0;0.000000;0;0.000000;0;0.000000;0;0.000000;0;0.000000;0;0.000000;1;235.000000
"2015-12";6164295;7379736;4;359.350000;0;0.000000;0;0.000000;0;0.000000;0;0.000000;2;367.560000;0;0.000000;0;0.000000
"2015-12";6174138;7387651;0;0.000000;0;0.000000;0;0.000000;0;0.000000;0;0.000000;1;443.300000;0;0.000000;0;0.000000
"2015-12";6181486;7394768;0;0.000000;0;0.000000;0;0.000000;0;0.000000;0;0.000000;3;548.140000;0;0.000000;1;442.060000
"2015-12";6189753;7401998;0;0.000000;0;0.000000;1;149.000000;0;0.000000;0;0.000000;3;508.100000;0;0.000000;1;280.000000
"2015-12";6199709;7410951;0;0.000000;0;0.000000;1;243.000000;0;0.000000;0;0.000000;1;180.100000;0;0.000000;0;0.000000
"2015-12";6208975;7419074;0;0.000000;0;0.000000;2;700.000000;0;0.000000;0;0.000000;0;0.000000;0;0.000000;0;0.000000
"2015-12";6221143;7430986;0;0.000000;1;442.000000;1;110.000000;0;0.000000;0;0.000000;1;185.800000;0;0.000000;1;179.800000
"2015-12";6228858;7437344;0;0.000000;0;0.000000;0;0.000000;0;0.000000;0;0.000000;1;15.500000;0;0.000000;0;0.000000
"2015-12";6235286;7442625;0;0.000000;0;0.000000;1;1540.000000;0;0.000000;0;0.000000;0;0.000000;0;0.000000;0;0.000000
"2015-12";6247592;7453257;0;0.000000;0;0.000000;1;890.000000;0;0.000000;0;0.000000;3;1972.400000;0;0.000000;1;1375.000000
"2015-12";6254947;7460897;0;0.000000;0;0.000000;1;760.000000;0;0.000000;0;0.000000;0;0.000000;0;0.000000;1;119.000000
"2015-12";6260181;7463993;4;1485.000000;0;0.000000;1;1090.000000;0;0.000000;0;0.000000;4;4844.420000;0;0.000000;6;1767.880000
"2015-12";6268376;7471955;0;0.000000;0;0.000000;0;0.000000;0;0.000000;0;0.000000;0;0.000000;0;0.000000;1;190.000000
"2015-12";6274759;7478010;1;2000.000000;0;0.000000;0;0.000000;0;0.000000;0;0.000000;0;0.000000;0;0.000000;1;289.000000
"2015-12";6284876;7488359;0;0.000000;0;0.000000;0;0.000000;0;0.000000;0;0.000000;0;0.000000;0;0.000000;1;40.000000
"2015-12";6291638;7492481;3;1574.590000;1;390.120000;0;0.000000;0;0.000000;0;0.000000;1;1111.820000;0;0.000000;1;5572.500000
"2015-12";6300008;7500839;0;0.000000;0;0.000000;0;0.000000;0;0.000000;0;0.000000;1;279.650000;0;0.000000;0;0.000000
"2015-12";6305630;7505851;0;0.000000;0;0.000000;0;0.000000;0;0.000000;0;0.000000;5;1359.300000;0;0.000000;0;0.000000
"2015-12";6316010;7514425;0;0.000000;1;244.000000;0;0.000000;0;0.000000;0;0.000000;1;27.990000;0;0.000000;0;0.000000
"2015-12";6325594;7522632;0;0.000000;0;0.000000;0;0.000000;0;0.000000;0;0.000000;1;58.000000;0;0.000000;0;0.000000
"2015-12";6332236;7529201;0;0.000000;1;79.000000;0;0.000000;0;0.000000;0;0.000000;0;0.000000;0;0.000000;0;0.000000
"2015-12";6339082;7535389;0;0.000000;0;0.000000;0;0.000000;0;0.000000;0;0.000000;1;175.390000;0;0.000000;0;0.000000
"2015-12";6349941;7544969;0;0.000000;0;0.000000;1;476.100000;0;0.000000;0;0.000000;2;548.500000;0;0.000000;1;190.790000
"2015-12";6358003;7551975;0;0.000000;0;0.000000;0;0.000000;0;0.000000;0;0.000000;1;80.270000;0;0.000000;0;0.000000
"2015-12";6364947;7559090;1;50.000000;0;0.000000;0;0.000000;0;0.000000;0;0.000000;0;0.000000;0;0.000000;0;0.000000
"2015-12";6372740;7564834;0;0.000000;2;421.000000;4;1610.000000;0;0.000000;0;0.000000;1;872.060000;0;0.000000;2;554.230000
"2015-12";6384176;7575269;0;0.000000;0;0.000000;0;0.000000;0;0.000000;0;0.000000;1;232.000000;0;0.000000;0;0.000000
"2015-12";6392570;7582824;0;0.000000;0;0.000000;0;0.000000;0;0.000000;0;0.000000;2;250.000000;0;0.000000;0;0.000000
"2015-12";6399615;7588393;0;0.000000;0;0.000000;0;0.000000;0;0.000000;0;0.000000;0;0.000000;0;0.000000;1;815.000000
"2015-12";6411482;7598876;0;0.000000;0;0.000000;0;0.000000;0;0.000000;0;0.000000;2;1096.190000;0;0.000000;0;0.000000
"2015-12";6421604;7608995;4;1200.060000;5;921.000000;3;1150.000000;1;1106.530000;0;0.000000;4;2511.800000;0;0.000000;4;163.990000
"2015-12";6425741;7613154;0;0.000000;1;432.000000;0;0.000000;0;0.000000;0;0.000000;0;0.000000;0;0.000000;0;0.000000
"2015-12";6434835;7618987;1;119.710000;1;69.690000;6;3232.180000;0;0.000000;0;0.000000;0;0.000000;0;0.000000;7;7370.530000
"2015-12";6446209;7628277;0;0.000000;0;0.000000;0;0.000000;1;829.360000;0;0.000000;1;284.590000;0;0.000000;0;0.000000
"2015-12";6453054;7646279;0;0.000000;0;0.000000;0;0.000000;0;0.000000;0;0.000000;0;0.000000;0;0.000000;1;242.000000
"2015-12";6460192;7644493;0;0.000000;0;0.000000;0;0.000000;0;0.000000;0;0.000000;1;23.500000;0;0.000000;0;0.000000
"2015-12";6467425;7639174;0;0.000000;1;448.370000;0;0.000000;0;0.000000;0;0.000000;2;788.880000;0;0.000000;1;290.000000
"2015-12";6484815;7662268;0;0.000000;0;0.000000;0;0.000000;0;0.000000;0;0.000000;0;0.000000;0;0.000000;1;160.000000
"2015-12";6489298;7663524;0;0.000000;0;0.000000;0;0.000000;0;0.000000;0;0.000000;7;966.000000;0;0.000000;0;0.000000
"2015-12";6499989;7674389;0;0.000000;1;365.000000;0;0.000000;0;0.000000;0;0.000000;3;385.450000;0;0.000000;1;266.800000
"2015-12";6513548;7684844;2;300.000000;0;0.000000;1;314.000000;1;1320.000000;0;0.000000;0;0.000000;0;0.000000;6;4573.400000
"2015-12";6525501;7696110;1;300.000000;1;251.000000;0;0.000000;0;0.000000;0;0.000000;0;0.000000;0;0.000000;1;83.470000
"2015-12";6530102;7700093;0;0.000000;0;0.000000;0;0.000000;0;0.000000;0;0.000000;1;56.000000;0;0.000000;0;0.000000
"2015-12";6537353;7705711;0;0.000000;0;0.000000;0;0.000000;0;0.000000;0;0.000000;0;0.000000;0;0.000000;2;897.000000
"2015-12";6548775;7716788;0;0.000000;0;0.000000;0;0.000000;0;0.000000;0;0.000000;4;1693.490000;0;0.000000;4;1370.000000
"2015-12";6560140;7726521;0;0.000000;3;673.000000;2;280.000000;0;0.000000;0;0.000000;1;341.540000;0;0.000000;8;1103.830000
"2015-12";6565173;7728875;0;0.000000;0;0.000000;0;0.000000;0;0.000000;0;0.000000;1;256.660000;0;0.000000;0;0.000000
"2015-12";6572283;7736222;7;790.000000;0;0.000000;0;0.000000;0;0.000000;0;0.000000;0;0.000000;0;0.000000;0;0.000000
"2015-12";6582476;7746004;1;200.000000;4;964.000000;0;0.000000;0;0.000000;0;0.000000;2;524.150000;0;0.000000;2;160.400000
"2015-12";6591193;7753047;0;0.000000;0;0.000000;3;998.980000;0;0.000000;0;0.000000;0;0.000000;0;0.000000;0;0.000000
"2015-12";6595829;7758006;0;0.000000;0;0.000000;0;0.000000;0;0.000000;0;0.000000;2;152.000000;0;0.000000;0;0.000000
"2015-12";6605232;7765312;0;0.000000;4;1113.000000;0;0.000000;0;0.000000;0;0.000000;7;1830.940000;0;0.000000;3;222.250000
"2015-12";6615161;7774369;28;2363.300000;3;319.000000;2;329.000000;0;0.000000;0;0.000000;5;762.590000;0;0.000000;13;3473.750000
"2015-12";6621475;7779732;0;0.000000;0;0.000000;0;0.000000;0;0.000000;0;0.000000;2;448.480000;0;0.000000;0;0.000000
"2015-12";6629737;7787457;1;640.000000;0;0.000000;0;0.000000;0;0.000000;0;0.000000;0;0.000000;0;0.000000;1;500.000000
"2015-12";6633143;7790532;0;0.000000;0;0.000000;0;0.000000;0;0.000000;0;0.000000;1;30.000000;0;0.000000;0;0.000000
"2015-12";6642963;7798688;2;72.000000;0;0.000000;0;0.000000;0;0.000000;0;0.000000;0;0.000000;0;0.000000;0;0.000000
"2015-12";6650366;7806977;0;0.000000;0;0.000000;0;0.000000;0;0.000000;0;0.000000;2;250.000000;0;0.000000;0;0.000000
"2015-12";6658158;7812816;0;0.000000;1;195.000000;1;650.000000;0;0.000000;0;0.000000;2;1337.050000;0;0.000000;2;722.000000
"2015-12";6669228;7821875;0;0.000000;0;0.000000;0;0.000000;0;0.000000;0;0.000000;1;70.660000;0;0.000000;0;0.000000
"2015-12";6677905;7829952;0;0.000000;3;647.000000;8;2324.000000;0;0.000000;0;0.000000;3;655.580000;0;0.000000;3;1728.960000
"2015-12";6683794;7835490;0;0.000000;1;69.000000;0;0.000000;0;0.000000;0;0.000000;0;0.000000;0;0.000000;0;0.000000
"2015-12";6690474;7842898;0;0.000000;0;0.000000;0;0.000000;0;0.000000;0;0.000000;2;55.870000;0;0.000000;0;0.000000
"2015-12";6700576;7849673;0;0.000000;0;0.000000;0;0.000000;0;0.000000;0;0.000000;1;62.000000;0;0.000000;0;0.000000
"2015-12";6707767;7858457;0;0.000000;0;0.000000;0;0.000000;0;0.000000;0;0.000000;1;87.600000;0;0.000000;0;0.000000
"2015-12";6714042;7861734;0;0.000000;0;0.000000;0;0.000000;0;0.000000;0;0.000000;1;70.000000;0;0.000000;0;0.000000
"2015-12";6720701;7868990;0;0.000000;0;0.000000;0;0.000000;0;0.000000;0;0.000000;1;30.000000;0;0.000000;0;0.000000
"2015-12";6727315;7874041;0;0.000000;0;0.000000;0;0.000000;0;0.000000;0;0.000000;0;0.000000;0;0.000000;2;224.680000
"2015-12";6736428;7879146;1;500.000000;0;0.000000;0;0.000000;0;0.000000;0;0.000000;3;1107.600000;0;0.000000;0;0.000000
"2015-12";6745479;7887478;0;0.000000;0;0.000000;0;0.000000;1;4460.000000;0;0.000000;0;0.000000;0;0.000000;0;0.000000
"2015-12";6752538;7891754;0;0.000000;0;0.000000;1;1126.000000;0;0.000000;0;0.000000;2;2067.810000;0;0.000000;1;548.000000
"2015-12";6757684;7897719;0;0.000000;0;0.000000;0;0.000000;0;0.000000;0;0.000000;1;70.000000;0;0.000000;0;0.000000
"2015-12";6762413;7902751;1;36.000000;1;50.000000;0;0.000000;0;0.000000;0;0.000000;1;50.000000;0;0.000000;0;0.000000
"2015-12";6771144;7910070;0;0.000000;0;0.000000;0;0.000000;0;0.000000;0;0.000000;1;145.970000;0;0.000000;2;45.200000
"2015-12";6790194;7928456;0;0.000000;0;0.000000;0;0.000000;0;0.000000;0;0.000000;1;46.170000;0;0.000000;0;0.000000
"2015-12";6795887;7932702;0;0.000000;0;0.000000;0;0.000000;0;0.000000;0;0.000000;0;0.000000;0;0.000000;1;376.250000
"2015-12";6801006;7936959;1;200.000000;1;40.000000;4;3538.000000;0;0.000000;0;0.000000;1;289.560000;0;0.000000;1;1148.000000
"2015-12";6811052;7946489;0;0.000000;0;0.000000;1;370.000000;0;0.000000;0;0.000000;0;0.000000;0;0.000000;1;327.000000
"2015-12";6819706;7953204;4;1450.000000;4;592.000000;1;600.000000;0;0.000000;0;0.000000;5;987.590000;1;600.000000;1;149.980000
"2015-12";6827249;7960139;0;0.000000;0;0.000000;0;0.000000;0;0.000000;0;0.000000;1;413.780000;0;0.000000;1;40.000000
"2015-12";6835221;7967314;2;192.250000;0;0.000000;0;0.000000;0;0.000000;0;0.000000;2;1876.420000;0;0.000000;1;213.270000
"2015-12";6842396;7972858;3;382.900000;0;0.000000;0;0.000000;0;0.000000;0;0.000000;1;363.380000;0;0.000000;0;0.000000
"2015-12";6849163;7978657;0;0.000000;0;0.000000;2;520.000000;0;0.000000;0;0.000000;4;878.470000;0;0.000000;1;116.580000
"2015-12";6856151;7983456;1;50.000000;4;733.630000;0;0.000000;0;0.000000;0;0.000000;7;1448.630000;0;0.000000;12;4335.310000
"2015-12";6863779;7992055;0;0.000000;0;0.000000;1;880.000000;0;0.000000;0;0.000000;2;1351.970000;0;0.000000;0;0.000000
"2015-12";6871382;7997831;0;0.000000;0;0.000000;0;0.000000;0;0.000000;0;0.000000;0;0.000000;0;0.000000;1;239.750000
"2015-12";6884311;8009772;0;0.000000;0;0.000000;0;0.000000;0;0.000000;0;0.000000;0;0.000000;0;0.000000;1;350.000000
"2015-12";6894386;8019172;0;0.000000;0;0.000000;0;0.000000;0;0.000000;0;0.000000;2;205.000000;0;0.000000;0;0.000000
"2015-12";6901898;8025346;0;0.000000;0;0.000000;0;0.000000;0;0.000000;0;0.000000;1;123.700000;0;0.000000;0;0.000000
"2015-12";6912451;8034026;1;400.000000;1;0.000000;1;290.000000;0;0.000000;0;0.000000;0;0.000000;0;0.000000;1;607.000000
"2015-12";6922171;8043174;0;0.000000;1;75.000000;1;550.000000;0;0.000000;0;0.000000;4;1228.250000;0;0.000000;1;89.100000
"2015-12";6932279;8052402;0;0.000000;0;0.000000;0;0.000000;0;0.000000;0;0.000000;0;0.000000;0;0.000000;2;207.200000
"2015-12";6940941;8059966;0;0.000000;1;138.980000;0;0.000000;0;0.000000;0;0.000000;0;0.000000;0;0.000000;0;0.000000
"2015-12";6948779;8066174;0;0.000000;0;0.000000;0;0.000000;0;0.000000;0;0.000000;0;0.000000;0;0.000000;1;275.000000
"2015-12";6958699;8074737;4;650.000000;2;245.000000;4;3031.000000;0;0.000000;0;0.000000;7;1884.760000;0;0.000000;0;0.000000
"2015-12";6965562;8081737;10;1198.300000;1;1.000000;0;0.000000;0;0.000000;0;0.000000;2;229.000000;0;0.000000;4;695.280000
"2015-12";6974631;8090446;2;60.000000;0;0.000000;0;0.000000;0;0.000000;0;0.000000;1;112.000000;0;0.000000;1;120.000000
"2015-12";6980427;8094768;1;235.000000;0;0.000000;3;3740.000000;0;0.000000;0;0.000000;0;0.000000;0;0.000000;0;0.000000
"2015-12";6988805;8102984;1;610.000000;1;76.000000;0;0.000000;0;0.000000;0;0.000000;1;679.240000;0;0.000000;2;348.830000
"2015-12";6995865;8109390;0;0.000000;0;0.000000;0;0.000000;0;0.000000;0;0.000000;1;22.000000;0;0.000000;0;0.000000
"2015-12";7005232;8113584;0;0.000000;1;1027.000000;1;360.000000;0;0.000000;0;0.000000;6;1258.080000;0;0.000000;1;208.000000
"2015-12";7013939;8124904;0;0.000000;0;0.000000;0;0.000000;0;0.000000;0;0.000000;2;274.960000;0;0.000000;0;0.000000
"2015-12";7021513;8131910;0;0.000000;0;0.000000;0;0.000000;0;0.000000;0;0.000000;0;0.000000;0;0.000000;1;2340.000000
"2015-12";7029116;8136731;0;0.000000;0;0.000000;0;0.000000;0;0.000000;0;0.000000;8;6344.190000;0;0.000000;7;4243.390000
"2015-12";7038301;8146606;0;0.000000;0;0.000000;0;0.000000;0;0.000000;0;0.000000;1;20.000000;0;0.000000;0;0.000000
"2015-12";7046015;8153599;0;0.000000;1;1400.000000;0;0.000000;0;0.000000;0;0.000000;0;0.000000;2;6220.000000;2;636.470000
"2015-12";7053610;8164256;0;0.000000;0;0.000000;0;0.000000;0;0.000000;0;0.000000;1;58.310000;0;0.000000;0;0.000000
"2015-12";7062775;8166487;0;0.000000;0;0.000000;0;0.000000;0;0.000000;0;0.000000;2;40.400000;0;0.000000;0;0.000000
"2015-12";7073335;8178818;0;0.000000;0;0.000000;0;0.000000;0;0.000000;0;0.000000;0;0.000000;0;0.000000;1;78.370000
"2015-12";7083158;8189470;0;0.000000;0;0.000000;0;0.000000;0;0.000000;0;0.000000;1;76.730000;0;0.000000;0;0.000000
"2015-12";7113304;8216144;6;608.820000;1;148.000000;0;0.000000;0;0.000000;0;0.000000;0;0.000000;0;0.000000;2;1629.000000
"2015-12";7148047;8247630;0;0.000000;0;0.000000;0;0.000000;1;30.000000;0;0.000000;0;0.000000;0;0.000000;0;0.000000
"2015-12";7156764;8256393;0;0.000000;2;997.070000;0;0.000000;0;0.000000;0;0.000000;0;0.000000;0;0.000000;2;227.600000
"2015-12";7181465;8279338;0;0.000000;0;0.000000;0;0.000000;0;0.000000;0;0.000000;2;1395.090000;0;0.000000;0;0.000000
"2015-12";7200748;8298756;0;0.000000;0;0.000000;6;3066.000000;0;0.000000;0;0.000000;0;0.000000;0;0.000000;0;0.000000
"2015-12";7206253;8303967;0;0.000000;0;0.000000;0;0.000000;0;0.000000;0;0.000000;1;70.000000;0;0.000000;0;0.000000
"2015-12";7213681;8311294;0;0.000000;0;0.000000;0;0.000000;0;0.000000;0;0.000000;1;90.000000;0;0.000000;0;0.000000
"2015-12";7223773;8320136;0;0.000000;0;0.000000;0;0.000000;0;0.000000;0;0.000000;1;20.000000;0;0.000000;0;0.000000
"2015-12";7230854;8326527;0;0.000000;1;240.000000;1;490.000000;0;0.000000;0;0.000000;3;1807.680000;0;0.000000;2;354.570000
"2015-12";7241527;8334046;0;0.000000;0;0.000000;0;0.000000;0;0.000000;0;0.000000;0;0.000000;0;0.000000;1;149.500000
"2015-12";7251470;8345925;0;0.000000;2;40.740000;0;0.000000;0;0.000000;0;0.000000;0;0.000000;0;0.000000;0;0.000000
"2015-12";7259355;8351754;0;0.000000;0;0.000000;1;20.000000;0;0.000000;0;0.000000;0;0.000000;0;0.000000;0;0.000000
"2015-12";7268746;8359336;0;0.000000;0;0.000000;0;0.000000;0;0.000000;0;0.000000;2;459.130000;0;0.000000;0;0.000000
"2015-12";7275045;8366355;0;0.000000;0;0.000000;3;728.000000;0;0.000000;0;0.000000;0;0.000000;0;0.000000;1;446.000000
"2015-12";7289146;8379771;0;0.000000;0;0.000000;0;0.000000;0;0.000000;0;0.000000;1;70.000000;0;0.000000;0;0.000000
"2015-12";7298338;8387406;0;0.000000;0;0.000000;0;0.000000;0;0.000000;0;0.000000;1;96.000000;0;0.000000;0;0.000000
"2015-12";7305647;8392575;0;0.000000;0;0.000000;0;0.000000;0;0.000000;0;0.000000;1;80.000000;0;0.000000;0;0.000000
"2015-12";7314526;8404357;0;0.000000;0;0.000000;0;0.000000;0;0.000000;0;0.000000;1;69.000000;0;0.000000;0;0.000000
"2015-12";7320821;8405811;0;0.000000;0;0.000000;0;0.000000;0;0.000000;0;0.000000;1;109.570000;0;0.000000;0;0.000000
"2015-12";7333240;8420171;0;0.000000;0;0.000000;2;284.000000;0;0.000000;0;0.000000;0;0.000000;0;0.000000;0;0.000000
"2015-12";7347150;8433444;0;0.000000;0;0.000000;2;540.000000;0;0.000000;0;0.000000;0;0.000000;0;0.000000;0;0.000000
"2015-12";7354381;8438859;0;0.000000;0;0.000000;1;271.000000;0;0.000000;0;0.000000;0;0.000000;0;0.000000;0;0.000000
"2015-12";7361816;8445782;0;0.000000;0;0.000000;0;0.000000;0;0.000000;0;0.000000;1;518.220000;0;0.000000;3;203.500000
"2015-12";7368706;8450405;0;0.000000;0;0.000000;0;0.000000;0;0.000000;0;0.000000;1;70.000000;0;0.000000;0;0.000000
"2015-12";7375243;8458483;0;0.000000;0;0.000000;0;0.000000;0;0.000000;0;0.000000;0;0.000000;0;0.000000;3;469.100000
"2015-12";7382056;8464263;0;0.000000;0;0.000000;0;0.000000;0;0.000000;0;0.000000;0;0.000000;0;0.000000;1;936.000000
"2015-12";7396206;8478058;0;0.000000;0;0.000000;1;160.000000;0;0.000000;0;0.000000;6;3239.520000;0;0.000000;1;3504.340000
"2015-12";7404269;8482892;0;0.000000;0;0.000000;0;0.000000;0;0.000000;0;0.000000;1;73.000000;0;0.000000;0;0.000000
"2015-12";7411576;8491767;0;0.000000;0;0.000000;0;0.000000;0;0.000000;0;0.000000;0;0.000000;0;0.000000;7;12154.720000
"2015-12";7416689;8497338;2;132.000000;0;0.000000;0;0.000000;0;0.000000;0;0.000000;0;0.000000;0;0.000000;0;0.000000
"2015-12";7425538;8504162;0;0.000000;0;0.000000;0;0.000000;0;0.000000;0;0.000000;1;55.430000;0;0.000000;0;0.000000
"2015-12";7436454;8512366;1;30.000000;5;1010.000000;2;1040.000000;0;0.000000;0;0.000000;3;973.650000;0;0.000000;1;650.000000
"2015-12";7445462;8517494;0;0.000000;1;216.200000;0;0.000000;0;0.000000;0;0.000000;0;0.000000;0;0.000000;2;950.000000
"2015-12";7451820;8528014;1;162.000000;0;0.000000;3;2490.000000;0;0.000000;0;0.000000;0;0.000000;0;0.000000;0;0.000000
"2015-12";7459952;8534609;3;2087.000000;0;0.000000;0;0.000000;0;0.000000;0;0.000000;1;5427.290000;0;0.000000;0;0.000000
"2015-12";7473251;8547415;0;0.000000;0;0.000000;0;0.000000;0;0.000000;0;0.000000;4;3006.400000;0;0.000000;1;487.000000
"2015-12";7482830;8555664;0;0.000000;0;0.000000;0;0.000000;0;0.000000;0;0.000000;9;510.800000;0;0.000000;0;0.000000
"2015-12";7495764;8566758;0;0.000000;0;0.000000;0;0.000000;0;0.000000;0;0.000000;1;64.000000;0;0.000000;0;0.000000
