Periodo;Cliente_Key;Codigo_Cliente;CAT_Cons_Canales_Cant_Trx;CAT_Cons_Canales_Monto_Trx;CAT_Mone_Canales_Cant_Trx;CAT_Mone_Canales_Monto_Trx;CAT_Sol_Canales_Cant_Trx;CAT_Sol_Canales_Monto_Trx;IVR_Cons_Canales_Cant_Trx;IVR_Cons_Canales_Monto_Trx;IVR_Mone_Canales_Cant_Trx;IVR_Mone_Canales_Monto_Trx;IVR_Sol_Canales_Cant_Trx;IVR_Sol_Canales_Monto_Trx;MACRO_Cons_Canales_Cant_Trx;MACRO_Cons_Canales_Monto_Trx;MACRO_Mone_Canales_Cant_Trx;MACRO_Mone_Canales_Monto_Trx;MACRO_Sol_Canales_Cant_Trx;MACRO_Sol_Canales_Monto_Trx;TAS_Cons_Canales_Cant_Trx;TAS_Cons_Canales_Monto_Trx;TAS_Mone_Canales_Cant_Trx;TAS_Mone_Canales_Monto_Trx;TAS_Sol_Canales_Cant_Trx;TAS_Sol_Canales_Monto_Trx;ATM_Cons_Canales_Cant_Trx;ATM_Cons_Canales_Monto_Trx;ATM_Mone_Canales_Cant_Trx;ATM_Mone_Canales_Monto_Trx;ATM_Sol_Canales_Cant_Trx;ATM_Sol_Canales_Monto_Trx;Otros_Cons_Canales_Cant_Trx;Otros_Cons_Canales_Monto_Trx;Otros_Mone_Canales_Cant_Trx;Otros_Mone_Canales_Monto_Trx;Otros_Sol_Canales_Cant_Trx;Otros_Sol_Canales_Monto_Trx;Ultima_Fecha_Trasaccion
"2015-12";15166;8366;0;0.000000;0;0.000000;0;0.000000;0;0.000000;0;0.000000;0;0.000000;19;0.000000;0;0.000000;0;0.000000;0;0.000000;0;0.000000;0;0.000000;0;0.000000;0;0.000000;0;0.000000;0;0.000000;0;0.000000;0;0.000000;"2015-12-28 08:22:17.000"
"2015-12";24572;1350899;0;0.000000;0;0.000000;0;0.000000;0;0.000000;0;0.000000;0;0.000000;56;0.000000;1;1000.000000;0;0.000000;0;0.000000;0;0.000000;0;0.000000;0;0.000000;0;0.000000;0;0.000000;0;0.000000;0;0.000000;0;0.000000;"2015-12-31 12:04:08.000"
"2015-12";31523;1226989;0;0.000000;0;0.000000;0;0.000000;0;0.000000;0;0.000000;0;0.000000;85;1032.000000;7;0.000000;0;0.000000;0;0.000000;0;0.000000;0;0.000000;0;0.000000;0;0.000000;0;0.000000;0;0.000000;0;0.000000;0;0.000000;"2015-12-31 08:57:30.000"
"2015-12";40077;1175718;0;0.000000;0;0.000000;0;0.000000;0;0.000000;0;0.000000;0;0.000000;7;0.000000;8;163591.000000;8;0.000000;0;0.000000;0;0.000000;0;0.000000;0;0.000000;0;0.000000;0;0.000000;0;0.000000;0;0.000000;0;0.000000;"2015-12-29 07:33:17.000"
"2015-12";50944;1124133;1;0.000000;0;0.000000;1;0.000000;0;0.000000;0;0.000000;1;0.000000;0;0.000000;0;0.000000;0;0.000000;0;0.000000;0;0.000000;0;0.000000;0;0.000000;0;0.000000;0;0.000000;0;0.000000;0;0.000000;2;0.000000;"2015-12-15 14:12:21.000"
"2015-12";60887;1034734;0;0.000000;0;0.000000;0;0.000000;0;0.000000;0;0.000000;0;0.000000;80;0.000000;5;7555.940000;3;0.000000;0;0.000000;0;0.000000;0;0.000000;0;0.000000;0;0.000000;0;0.000000;0;0.000000;0;0.000000;0;0.000000;"2015-12-30 13:55:58.000"
"2015-12";69670;1037120;0;0.000000;0;0.000000;0;0.000000;0;0.000000;0;0.000000;0;0.000000;13;0.000000;0;0.000000;0;0.000000;0;0.000000;0;0.000000;0;0.000000;0;0.000000;0;0.000000;0;0.000000;0;0.000000;0;0.000000;0;0.000000;"2015-12-14 11:25:19.000"
"2015-12";76389;1083793;0;0.000000;0;0.000000;1;;0;0.000000;0;0.000000;0;0.000000;0;0.000000;0;0.000000;0;0.000000;0;0.000000;0;0.000000;0;0.000000;0;0.000000;0;0.000000;0;0.000000;0;0.000000;0;0.000000;0;0.000000;"2015-12-23 12:17:41.000"
"2015-12";84507;48744;0;0.000000;0;0.000000;0;0.000000;0;0.000000;0;0.000000;0;0.000000;7;0.000000;0;0.000000;1;0.000000;0;0.000000;0;0.000000;0;0.000000;0;0.000000;0;0.000000;0;0.000000;0;0.000000;0;0.000000;0;0.000000;"2015-12-30 09:58:03.000"
"2015-12";92676;58233;0;0.000000;0;0.000000;0;0.000000;0;0.000000;0;0.000000;0;0.000000;68;0.000000;18;3100.000000;1;0.000000;0;0.000000;0;0.000000;0;0.000000;0;0.000000;0;0.000000;0;0.000000;0;0.000000;0;0.000000;0;0.000000;"2015-12-31 08:09:10.000"
"2015-12";100308;1289600;0;0.000000;0;0.000000;0;0.000000;0;0.000000;0;0.000000;0;0.000000;8;0.000000;0;0.000000;0;0.000000;0;0.000000;0;0.000000;0;0.000000;0;0.000000;0;0.000000;0;0.000000;0;0.000000;0;0.000000;0;0.000000;"2015-12-28 07:03:23.000"
"2015-12";107197;1213026;0;0.000000;0;0.000000;0;0.000000;0;0.000000;0;0.000000;0;0.000000;3;0.000000;0;0.000000;0;0.000000;0;0.000000;0;0.000000;0;0.000000;0;0.000000;0;0.000000;0;0.000000;0;0.000000;0;0.000000;0;0.000000;"2015-12-09 10:55:09.000"
"2015-12";115682;1216047;0;0.000000;0;0.000000;0;0.000000;0;0.000000;0;0.000000;0;0.000000;5;0.000000;2;1700.000000;0;0.000000;0;0.000000;0;0.000000;0;0.000000;0;0.000000;0;0.000000;0;0.000000;0;0.000000;0;0.000000;0;0.000000;"2015-12-02 18:28:51.000"
"2015-12";122927;1251926;0;0.000000;0;0.000000;0;0.000000;0;0.000000;0;0.000000;0;0.000000;16;0.000000;0;0.000000;0;0.000000;0;0.000000;0;0.000000;0;0.000000;0;0.000000;0;0.000000;0;0.000000;0;0.000000;0;0.000000;0;0.000000;"2015-12-31 04:57:46.000"
"2015-12";129374;13831;0;0.000000;0;0.000000;0;0.000000;0;0.000000;0;0.000000;0;0.000000;71;0.000000;28;5982.810000;0;0.000000;0;0.000000;0;0.000000;0;0.000000;0;0.000000;0;0.000000;0;0.000000;0;0.000000;0;0.000000;0;0.000000;"2015-12-31 07:45:36.000"
"2015-12";136552;19836;0;0.000000;0;0.000000;0;0.000000;0;0.000000;0;0.000000;0;0.000000;27;0.000000;0;0.000000;0;0.000000;0;0.000000;0;0.000000;0;0.000000;0;0.000000;0;0.000000;0;0.000000;0;0.000000;0;0.000000;0;0.000000;"2015-12-29 01:00:35.000"
"2015-12";144725;92657;0;0.000000;0;0.000000;0;0.000000;0;0.000000;0;0.000000;0;0.000000;47;0.000000;8;11193.100000;0;0.000000;0;0.000000;0;0.000000;0;0.000000;0;0.000000;0;0.000000;0;0.000000;0;0.000000;0;0.000000;0;0.000000;"2015-12-30 17:20:01.000"
"2015-12";153883;107194;0;0.000000;0;0.000000;0;0.000000;0;0.000000;0;0.000000;0;0.000000;30;0.000000;5;0.000000;0;0.000000;0;0.000000;0;0.000000;0;0.000000;0;0.000000;0;0.000000;0;0.000000;0;0.000000;0;0.000000;0;0.000000;"2015-12-29 10:48:45.000"
"2015-12";163944;1052405;0;0.000000;0;0.000000;0;0.000000;0;0.000000;0;0.000000;0;0.000000;60;0.000000;1;3960.000000;0;0.000000;0;0.000000;0;0.000000;0;0.000000;0;0.000000;0;0.000000;0;0.000000;0;0.000000;0;0.000000;0;0.000000;"2015-12-31 07:53:56.000"
"2015-12";172637;50973;0;0.000000;0;0.000000;0;0.000000;0;0.000000;0;0.000000;0;0.000000;1;0.000000;0;0.000000;1;0.000000;0;0.000000;0;0.000000;0;0.000000;0;0.000000;0;0.000000;0;0.000000;0;0.000000;0;0.000000;0;0.000000;"2015-12-29 22:39:22.000"
"2015-12";181497;53525;2;0.000000;0;0.000000;1;0.000000;0;0.000000;0;0.000000;0;0.000000;42;0.000000;4;0.000000;0;0.000000;0;0.000000;0;0.000000;0;0.000000;0;0.000000;0;0.000000;0;0.000000;0;0.000000;0;0.000000;0;0.000000;"2015-12-28 13:47:38.000"
"2015-12";188818;63783;0;0.000000;0;0.000000;0;0.000000;0;0.000000;0;0.000000;0;0.000000;7;0.000000;2;10548.190000;0;0.000000;0;0.000000;0;0.000000;0;0.000000;0;0.000000;0;0.000000;0;0.000000;0;0.000000;0;0.000000;0;0.000000;"2015-12-29 10:05:43.000"
"2015-12";194436;1015988;0;0.000000;0;0.000000;0;0.000000;0;0.000000;0;0.000000;0;0.000000;4;0.000000;0;0.000000;1;0.000000;0;0.000000;0;0.000000;0;0.000000;0;0.000000;0;0.000000;1;0.000000;0;0.000000;0;0.000000;0;0.000000;"2015-12-28 13:26:28.000"
"2015-12";200150;1018747;0;0.000000;0;0.000000;0;0.000000;0;0.000000;0;0.000000;0;0.000000;21;0.000000;2;0.000000;0;0.000000;0;0.000000;0;0.000000;0;0.000000;0;0.000000;0;0.000000;0;0.000000;0;0.000000;0;0.000000;0;0.000000;"2015-12-23 22:44:17.000"
"2015-12";204057;1023358;0;0.000000;0;0.000000;0;0.000000;0;0.000000;0;0.000000;0;0.000000;76;0.000000;3;163495.770000;0;0.000000;0;0.000000;0;0.000000;0;0.000000;0;0.000000;0;0.000000;0;0.000000;0;0.000000;0;0.000000;0;0.000000;"2015-12-30 07:41:26.000"
"2015-12";207952;74080;0;0.000000;0;0.000000;0;0.000000;0;0.000000;0;0.000000;0;0.000000;45;0.000000;3;5514.390000;0;0.000000;0;0.000000;0;0.000000;0;0.000000;0;0.000000;0;0.000000;0;0.000000;0;0.000000;0;0.000000;0;0.000000;"2015-12-29 10:55:37.000"
"2015-12";212110;77719;0;0.000000;0;0.000000;0;0.000000;0;0.000000;0;0.000000;0;0.000000;27;3400.000000;3;5800.000000;3;0.000000;0;0.000000;0;0.000000;0;0.000000;0;0.000000;0;0.000000;0;0.000000;0;0.000000;0;0.000000;0;0.000000;"2015-12-31 10:33:50.000"
"2015-12";217152;81538;0;0.000000;0;0.000000;0;0.000000;0;0.000000;0;0.000000;0;0.000000;0;0.000000;0;0.000000;0;0.000000;2;0.000000;1;3536.000000;0;0.000000;0;0.000000;0;0.000000;0;0.000000;0;0.000000;0;0.000000;0;0.000000;"2015-12-17 12:43:37.000"
"2015-12";227852;98018;0;0.000000;0;0.000000;0;0.000000;7;0.000000;0;0.000000;0;0.000000;0;0.000000;0;0.000000;0;0.000000;0;0.000000;1;3600.000000;0;0.000000;0;0.000000;0;0.000000;0;0.000000;0;0.000000;0;0.000000;0;0.000000;"2015-12-30 15:54:11.000"
"2015-12";236317;1062273;0;0.000000;0;0.000000;1;0.000000;0;0.000000;0;0.000000;0;0.000000;0;0.000000;0;0.000000;0;0.000000;0;0.000000;0;0.000000;0;0.000000;0;0.000000;0;0.000000;0;0.000000;0;0.000000;0;0.000000;0;0.000000;"2015-12-28 08:53:35.000"
"2015-12";245443;1073181;7;0.000000;0;0.000000;5;0.000000;45;0.000000;0;0.000000;0;0.000000;53;0.000000;0;0.000000;0;0.000000;0;0.000000;0;0.000000;0;0.000000;0;0.000000;0;0.000000;0;0.000000;0;0.000000;0;0.000000;0;0.000000;"2015-12-31 19:33:11.000"
"2015-12";254108;1083543;0;0.000000;0;0.000000;0;0.000000;0;0.000000;0;0.000000;0;0.000000;32;0.000000;7;0.000000;3;0.000000;0;0.000000;0;0.000000;0;0.000000;0;0.000000;0;0.000000;0;0.000000;0;0.000000;0;0.000000;0;0.000000;"2015-12-26 10:57:14.000"
"2015-12";264713;1100635;0;0.000000;0;0.000000;1;0.000000;0;0.000000;0;0.000000;0;0.000000;0;0.000000;0;0.000000;0;0.000000;0;0.000000;0;0.000000;0;0.000000;0;0.000000;0;0.000000;0;0.000000;0;0.000000;0;0.000000;0;0.000000;"2015-12-09 11:12:31.000"
"2015-12";276045;1010730;0;0.000000;0;0.000000;0;0.000000;0;0.000000;0;0.000000;0;0.000000;9;0.000000;0;0.000000;0;0.000000;0;0.000000;0;0.000000;0;0.000000;0;0.000000;0;0.000000;0;0.000000;0;0.000000;0;0.000000;0;0.000000;"2015-12-21 08:35:53.000"
"2015-12";282997;1123940;0;0.000000;0;0.000000;0;0.000000;0;0.000000;0;0.000000;0;0.000000;90;0.000000;10;13856.220000;0;0.000000;0;0.000000;0;0.000000;0;0.000000;0;0.000000;0;0.000000;0;0.000000;0;0.000000;0;0.000000;0;0.000000;"2015-12-30 22:02:34.000"
"2015-12";287570;1029854;0;0.000000;0;0.000000;0;0.000000;0;0.000000;0;0.000000;0;0.000000;12;0.000000;2;55275.320000;0;0.000000;0;0.000000;0;0.000000;0;0.000000;0;0.000000;0;0.000000;0;0.000000;0;0.000000;0;0.000000;0;0.000000;"2015-12-11 12:56:57.000"
"2015-12";292661;1030424;0;0.000000;0;0.000000;0;0.000000;0;0.000000;0;0.000000;0;0.000000;4;0.000000;0;0.000000;1;0.000000;0;0.000000;0;0.000000;0;0.000000;0;0.000000;0;0.000000;0;0.000000;0;0.000000;0;0.000000;0;0.000000;"2015-12-14 09:54:41.000"
"2015-12";297141;1136869;0;0.000000;0;0.000000;0;0.000000;0;0.000000;0;0.000000;0;0.000000;16;0.000000;2;0.000000;0;0.000000;0;0.000000;0;0.000000;0;0.000000;0;0.000000;0;0.000000;0;0.000000;0;0.000000;0;0.000000;0;0.000000;"2015-12-29 18:14:40.000"
"2015-12";304725;1044508;0;0.000000;0;0.000000;0;0.000000;14;0.000000;0;0.000000;0;0.000000;0;0.000000;0;0.000000;0;0.000000;0;0.000000;0;0.000000;0;0.000000;0;0.000000;0;0.000000;0;0.000000;0;0.000000;0;0.000000;0;0.000000;"2015-12-27 12:03:02.000"
"2015-12";312544;1059265;1;0.000000;0;0.000000;1;0.000000;0;0.000000;0;0.000000;0;0.000000;207;0.000000;2;7700.000000;0;0.000000;0;0.000000;0;0.000000;0;0.000000;0;0.000000;0;0.000000;0;0.000000;0;0.000000;0;0.000000;0;0.000000;"2015-12-30 09:33:51.000"
"2015-12";320905;1064644;0;0.000000;0;0.000000;0;0.000000;0;0.000000;0;0.000000;0;0.000000;42;0.000000;5;0.000000;0;0.000000;0;0.000000;0;0.000000;0;0.000000;0;0.000000;0;0.000000;0;0.000000;0;0.000000;0;0.000000;0;0.000000;"2015-12-30 14:15:02.000"
"2015-12";327576;1177474;0;0.000000;0;0.000000;0;0.000000;0;0.000000;0;0.000000;0;0.000000;26;0.000000;6;20000.000000;0;0.000000;0;0.000000;0;0.000000;0;0.000000;0;0.000000;0;0.000000;0;0.000000;0;0.000000;0;0.000000;0;0.000000;"2015-12-29 12:29:43.000"
"2015-12";333891;1085000;0;0.000000;0;0.000000;0;0.000000;0;0.000000;0;0.000000;0;0.000000;1;0.000000;0;0.000000;0;0.000000;0;0.000000;0;0.000000;0;0.000000;0;0.000000;0;0.000000;0;0.000000;0;0.000000;0;0.000000;0;0.000000;"2015-12-01 05:58:40.000"
"2015-12";340434;1193379;0;0.000000;0;0.000000;0;0.000000;0;0.000000;0;0.000000;0;0.000000;56;0.000000;10;10000.000000;2;0.000000;0;0.000000;0;0.000000;0;0.000000;0;0.000000;0;0.000000;0;0.000000;0;0.000000;0;0.000000;0;0.000000;"2015-12-30 10:38:50.000"
"2015-12";352317;1208147;0;0.000000;0;0.000000;0;0.000000;0;0.000000;0;0.000000;0;0.000000;4;0.000000;0;0.000000;1;0.000000;0;0.000000;0;0.000000;0;0.000000;0;0.000000;0;0.000000;1;0.000000;0;0.000000;0;0.000000;0;0.000000;"2015-12-22 14:03:32.000"
"2015-12";362159;1115143;0;0.000000;0;0.000000;0;0.000000;0;0.000000;0;0.000000;0;0.000000;2;0.000000;0;0.000000;1;0.000000;0;0.000000;0;0.000000;0;0.000000;0;0.000000;0;0.000000;1;0.000000;0;0.000000;0;0.000000;0;0.000000;"2015-12-16 11:15:09.000"
"2015-12";371742;1132152;0;0.000000;0;0.000000;0;0.000000;0;0.000000;0;0.000000;0;0.000000;45;0.000000;26;0.000000;0;0.000000;0;0.000000;0;0.000000;0;0.000000;0;0.000000;0;0.000000;0;0.000000;0;0.000000;0;0.000000;0;0.000000;"2015-12-30 16:58:57.000"
"2015-12";381857;1143487;0;0.000000;0;0.000000;0;0.000000;0;0.000000;0;0.000000;0;0.000000;28;0.000000;0;0.000000;0;0.000000;0;0.000000;0;0.000000;0;0.000000;0;0.000000;0;0.000000;0;0.000000;0;0.000000;0;0.000000;0;0.000000;"2015-12-30 09:44:05.000"
"2015-12";388861;1254521;0;0.000000;0;0.000000;0;0.000000;0;0.000000;0;0.000000;0;0.000000;24;0.000000;1;0.000000;0;0.000000;1;0.000000;0;0.000000;0;0.000000;0;0.000000;0;0.000000;0;0.000000;0;0.000000;0;0.000000;0;0.000000;"2015-12-31 16:55:12.000"
"2015-12";396262;1161051;0;0.000000;0;0.000000;0;0.000000;0;0.000000;0;0.000000;0;0.000000;65;0.000000;15;105560.000000;0;0.000000;0;0.000000;0;0.000000;0;0.000000;0;0.000000;0;0.000000;0;0.000000;0;0.000000;0;0.000000;0;0.000000;"2015-12-31 08:06:45.000"
"2015-12";406913;1169158;2;0.000000;0;0.000000;1;0.000000;2;0.000000;0;0.000000;0;0.000000;101;0.000000;0;0.000000;0;0.000000;0;0.000000;0;0.000000;0;0.000000;0;0.000000;0;0.000000;0;0.000000;0;0.000000;0;0.000000;0;0.000000;"2015-12-28 12:17:14.000"
"2015-12";416928;1282998;0;0.000000;0;0.000000;0;0.000000;0;0.000000;0;0.000000;0;0.000000;12;0.000000;13;0.000000;0;0.000000;0;0.000000;0;0.000000;0;0.000000;0;0.000000;0;0.000000;0;0.000000;0;0.000000;0;0.000000;0;0.000000;"2015-12-29 11:59:31.000"
"2015-12";423901;1294970;0;0.000000;0;0.000000;0;0.000000;0;0.000000;0;0.000000;0;0.000000;74;0.000000;0;0.000000;0;0.000000;0;0.000000;0;0.000000;0;0.000000;0;0.000000;0;0.000000;0;0.000000;0;0.000000;0;0.000000;0;0.000000;"2015-12-31 08:33:51.000"
"2015-12";434523;1203883;0;0.000000;0;0.000000;0;0.000000;0;0.000000;0;0.000000;0;0.000000;5;0.000000;0;0.000000;0;0.000000;0;0.000000;0;0.000000;0;0.000000;0;0.000000;0;0.000000;0;0.000000;0;0.000000;0;0.000000;0;0.000000;"2015-12-28 10:08:31.000"
"2015-12";444827;1216386;0;0.000000;0;0.000000;0;0.000000;0;0.000000;0;0.000000;0;0.000000;7;0.000000;3;22125.000000;1;0.000000;0;0.000000;0;0.000000;0;0.000000;0;0.000000;0;0.000000;0;0.000000;0;0.000000;0;0.000000;0;0.000000;"2015-12-28 22:15:58.000"
"2015-12";457886;1336771;0;0.000000;0;0.000000;0;0.000000;0;0.000000;0;0.000000;0;0.000000;6;0.000000;1;0.000000;0;0.000000;0;0.000000;0;0.000000;0;0.000000;0;0.000000;0;0.000000;0;0.000000;0;0.000000;0;0.000000;0;0.000000;"2015-12-24 06:46:39.000"
"2015-12";469119;1345520;0;0.000000;0;0.000000;0;0.000000;0;0.000000;0;0.000000;0;0.000000;8;0.000000;9;80.000000;0;0.000000;0;0.000000;0;0.000000;0;0.000000;0;0.000000;0;0.000000;0;0.000000;0;0.000000;0;0.000000;0;0.000000;"2015-12-29 11:59:54.000"
"2015-12";476707;1255385;0;0.000000;0;0.000000;0;0.000000;0;0.000000;0;0.000000;0;0.000000;90;0.000000;0;0.000000;0;0.000000;0;0.000000;0;0.000000;0;0.000000;0;0.000000;0;0.000000;0;0.000000;0;0.000000;0;0.000000;0;0.000000;"2015-12-30 10:08:14.000"
"2015-12";492707;1363700;0;0.000000;0;0.000000;1;0.000000;0;0.000000;0;0.000000;0;0.000000;0;0.000000;0;0.000000;0;0.000000;0;0.000000;0;0.000000;0;0.000000;0;0.000000;0;0.000000;0;0.000000;0;0.000000;0;0.000000;0;0.000000;"2015-12-17 09:12:27.000"
"2015-12";505179;1409563;0;0.000000;0;0.000000;0;0.000000;0;0.000000;0;0.000000;0;0.000000;55;0.000000;28;11594.360000;6;11080.800000;0;0.000000;0;0.000000;0;0.000000;0;0.000000;0;0.000000;0;0.000000;0;0.000000;0;0.000000;0;0.000000;"2015-12-30 17:01:07.000"
"2015-12";516462;1431374;0;0.000000;0;0.000000;0;0.000000;0;0.000000;0;0.000000;0;0.000000;8;0.000000;2;0.000000;1;0.000000;0;0.000000;0;0.000000;0;0.000000;0;0.000000;0;0.000000;0;0.000000;0;0.000000;0;0.000000;0;0.000000;"2015-12-31 09:19:25.000"
"2015-12";536827;1408505;0;0.000000;0;0.000000;0;0.000000;0;0.000000;0;0.000000;0;0.000000;2;0.000000;0;0.000000;0;0.000000;0;0.000000;0;0.000000;0;0.000000;0;0.000000;0;0.000000;0;0.000000;0;0.000000;0;0.000000;0;0.000000;"2015-12-21 11:11:08.000"
"2015-12";550590;1392163;0;0.000000;0;0.000000;0;0.000000;0;0.000000;0;0.000000;0;0.000000;28;0.000000;0;0.000000;0;0.000000;0;0.000000;0;0.000000;0;0.000000;0;0.000000;0;0.000000;0;0.000000;0;0.000000;0;0.000000;0;0.000000;"2015-12-28 09:31:27.000"
"2015-12";561517;1547754;0;0.000000;0;0.000000;0;0.000000;0;0.000000;0;0.000000;0;0.000000;34;0.000000;4;4500.000000;2;0.000000;0;0.000000;0;0.000000;0;0.000000;0;0.000000;0;0.000000;1;0.000000;0;0.000000;0;0.000000;0;0.000000;"2015-12-29 21:48:25.000"
"2015-12";572584;1464322;0;0.000000;0;0.000000;0;0.000000;0;0.000000;0;0.000000;0;0.000000;16;5200.000000;4;4200.000000;0;0.000000;0;0.000000;0;0.000000;0;0.000000;0;0.000000;0;0.000000;0;0.000000;0;0.000000;0;0.000000;0;0.000000;"2015-12-25 15:39:41.000"
"2015-12";583061;1488457;0;0.000000;0;0.000000;0;0.000000;0;0.000000;0;0.000000;0;0.000000;12;0.000000;3;6494.000000;0;0.000000;0;0.000000;0;0.000000;0;0.000000;0;0.000000;0;0.000000;0;0.000000;0;0.000000;0;0.000000;0;0.000000;"2015-12-15 09:43:08.000"
"2015-12";592724;1481786;0;0.000000;0;0.000000;0;0.000000;0;0.000000;0;0.000000;0;0.000000;101;0.000000;0;0.000000;1;0.000000;0;0.000000;0;0.000000;0;0.000000;0;0.000000;0;0.000000;0;0.000000;0;0.000000;0;0.000000;0;0.000000;"2015-12-22 12:33:20.000"
"2015-12";602340;1524545;0;0.000000;0;0.000000;0;0.000000;0;0.000000;0;0.000000;0;0.000000;11;0.000000;0;0.000000;0;0.000000;0;0.000000;1;2782.500000;0;0.000000;0;0.000000;0;0.000000;0;0.000000;0;0.000000;0;0.000000;0;0.000000;"2015-12-29 14:27:52.000"
"2015-12";612434;1502505;0;0.000000;0;0.000000;0;0.000000;0;0.000000;0;0.000000;0;0.000000;4;0.000000;1;10304.780000;0;0.000000;0;0.000000;0;0.000000;0;0.000000;0;0.000000;0;0.000000;0;0.000000;0;0.000000;0;0.000000;0;0.000000;"2015-12-16 11:30:08.000"
"2015-12";625810;1472777;0;0.000000;0;0.000000;0;0.000000;0;0.000000;0;0.000000;0;0.000000;43;0.000000;7;42850.000000;0;0.000000;0;0.000000;0;0.000000;0;0.000000;0;0.000000;0;0.000000;0;0.000000;0;0.000000;0;0.000000;0;0.000000;"2015-12-24 17:16:26.000"
"2015-12";637952;1447689;0;0.000000;0;0.000000;0;0.000000;0;0.000000;0;0.000000;0;0.000000;24;0.000000;8;0.000000;0;0.000000;0;0.000000;0;0.000000;0;0.000000;0;0.000000;0;0.000000;0;0.000000;0;0.000000;0;0.000000;0;0.000000;"2015-12-31 20:21:54.000"
"2015-12";648284;1424166;1;0.000000;0;0.000000;1;0.000000;1;0.000000;0;0.000000;0;0.000000;0;0.000000;0;0.000000;0;0.000000;0;0.000000;0;0.000000;0;0.000000;0;0.000000;0;0.000000;0;0.000000;0;0.000000;0;0.000000;0;0.000000;"2015-12-09 13:35:39.000"
"2015-12";660273;1400000;0;0.000000;0;0.000000;0;0.000000;0;0.000000;0;0.000000;0;0.000000;3;0.000000;0;0.000000;0;0.000000;0;0.000000;0;0.000000;0;0.000000;0;0.000000;0;0.000000;0;0.000000;0;0.000000;0;0.000000;0;0.000000;"2015-12-09 01:15:33.000"
"2015-12";671584;1647440;0;0.000000;0;0.000000;0;0.000000;0;0.000000;0;0.000000;0;0.000000;2;0.000000;0;0.000000;0;0.000000;0;0.000000;0;0.000000;0;0.000000;0;0.000000;0;0.000000;0;0.000000;0;0.000000;0;0.000000;0;0.000000;"2015-12-01 11:19:44.000"
"2015-12";684434;1660923;0;0.000000;0;0.000000;1;0.000000;0;0.000000;0;0.000000;0;0.000000;0;0.000000;0;0.000000;0;0.000000;0;0.000000;0;0.000000;0;0.000000;0;0.000000;0;0.000000;0;0.000000;0;0.000000;0;0.000000;0;0.000000;"2015-12-11 16:50:43.000"
"2015-12";701531;1448441;0;0.000000;0;0.000000;0;0.000000;0;0.000000;0;0.000000;0;0.000000;21;0.000000;1;365000.000000;0;0.000000;0;0.000000;0;0.000000;0;0.000000;0;0.000000;0;0.000000;0;0.000000;0;0.000000;0;0.000000;0;0.000000;"2015-12-30 10:25:56.000"
"2015-12";711525;1498311;0;0.000000;0;0.000000;0;0.000000;0;0.000000;0;0.000000;0;0.000000;4;0.000000;0;0.000000;0;0.000000;0;0.000000;0;0.000000;0;0.000000;0;0.000000;0;0.000000;0;0.000000;0;0.000000;0;0.000000;0;0.000000;"2015-12-28 08:12:50.000"
"2015-12";723887;1469268;0;0.000000;0;0.000000;0;0.000000;0;0.000000;0;0.000000;0;0.000000;98;0.000000;2;6000.000000;1;0.000000;0;0.000000;7;24572.420000;0;0.000000;0;0.000000;0;0.000000;0;0.000000;0;0.000000;0;0.000000;0;0.000000;"2015-12-30 12:12:48.000"
"2015-12";731453;1480136;5;0.000000;4;44833.860000;6;44833.860000;0;0.000000;0;0.000000;0;0.000000;0;0.000000;0;0.000000;0;0.000000;0;0.000000;0;0.000000;0;0.000000;0;0.000000;0;0.000000;0;0.000000;0;0.000000;0;0.000000;0;0.000000;"2015-12-09 18:17:30.000"
"2015-12";741001;1431094;0;0.000000;0;0.000000;0;0.000000;0;0.000000;0;0.000000;0;0.000000;12;0.000000;1;500.000000;0;0.000000;0;0.000000;0;0.000000;0;0.000000;0;0.000000;0;0.000000;0;0.000000;0;0.000000;0;0.000000;0;0.000000;"2015-12-23 11:12:01.000"
"2015-12";749842;1504557;0;0.000000;0;0.000000;0;0.000000;0;0.000000;0;0.000000;0;0.000000;68;40000.000000;18;2138000.000000;2;0.000000;0;0.000000;0;0.000000;0;0.000000;0;0.000000;0;0.000000;0;0.000000;0;0.000000;0;0.000000;0;0.000000;"2015-12-31 19:56:42.000"
"2015-12";757476;1518210;0;0.000000;0;0.000000;0;0.000000;0;0.000000;0;0.000000;0;0.000000;39;0.000000;0;0.000000;1;0.000000;0;0.000000;0;0.000000;0;0.000000;0;0.000000;0;0.000000;0;0.000000;0;0.000000;0;0.000000;0;0.000000;"2015-12-30 14:26:32.000"
"2015-12";765584;1531271;0;0.000000;0;0.000000;0;0.000000;0;0.000000;0;0.000000;0;0.000000;1;0.000000;0;0.000000;1;0.000000;0;0.000000;0;0.000000;0;0.000000;0;0.000000;0;0.000000;0;0.000000;0;0.000000;0;0.000000;0;0.000000;"2015-12-10 11:28:33.000"
"2015-12";776234;1549955;0;0.000000;0;0.000000;0;0.000000;0;0.000000;0;0.000000;0;0.000000;9;0.000000;12;0.000000;0;0.000000;0;0.000000;0;0.000000;0;0.000000;0;0.000000;0;0.000000;0;0.000000;0;0.000000;0;0.000000;0;0.000000;"2015-12-24 10:57:44.000"
"2015-12";808060;1655653;0;0.000000;0;0.000000;0;0.000000;0;0.000000;0;0.000000;0;0.000000;21;0.000000;0;0.000000;0;0.000000;0;0.000000;0;0.000000;0;0.000000;0;0.000000;0;0.000000;0;0.000000;0;0.000000;0;0.000000;0;0.000000;"2015-12-21 12:29:08.000"
"2015-12";828043;1697417;0;0.000000;0;0.000000;0;0.000000;0;0.000000;0;0.000000;0;0.000000;3;0.000000;0;0.000000;2;0.000000;0;0.000000;0;0.000000;0;0.000000;0;0.000000;0;0.000000;1;0.000000;0;0.000000;0;0.000000;0;0.000000;"2015-12-31 10:30:26.000"
"2015-12";841228;1712193;0;0.000000;0;0.000000;1;0.000000;0;0.000000;0;0.000000;0;0.000000;0;0.000000;0;0.000000;0;0.000000;0;0.000000;0;0.000000;0;0.000000;0;0.000000;0;0.000000;0;0.000000;0;0.000000;0;0.000000;0;0.000000;"2015-12-15 11:13:15.000"
"2015-12";854759;1725607;0;0.000000;0;0.000000;0;0.000000;0;0.000000;0;0.000000;0;0.000000;25;0.000000;5;1296.680000;0;0.000000;4;0.000000;0;0.000000;0;0.000000;0;0.000000;0;0.000000;0;0.000000;0;0.000000;0;0.000000;0;0.000000;"2015-12-30 08:35:37.000"
"2015-12";869447;1740420;0;0.000000;0;0.000000;0;0.000000;0;0.000000;0;0.000000;0;0.000000;13;0.000000;0;0.000000;0;0.000000;0;0.000000;0;0.000000;0;0.000000;0;0.000000;0;0.000000;0;0.000000;0;0.000000;0;0.000000;0;0.000000;"2015-12-30 08:58:28.000"
"2015-12";887793;1758756;0;0.000000;0;0.000000;0;0.000000;0;0.000000;0;0.000000;0;0.000000;10;0.000000;0;0.000000;0;0.000000;0;0.000000;0;0.000000;0;0.000000;0;0.000000;0;0.000000;0;0.000000;0;0.000000;0;0.000000;0;0.000000;"2015-12-24 16:51:24.000"
"2015-12";897752;1768689;0;0.000000;0;0.000000;0;0.000000;0;0.000000;0;0.000000;0;0.000000;16;0.000000;3;1148.830000;1;0.000000;0;0.000000;0;0.000000;0;0.000000;0;0.000000;0;0.000000;0;0.000000;0;0.000000;0;0.000000;0;0.000000;"2015-12-20 10:00:19.000"
"2015-12";908054;1778632;0;0.000000;0;0.000000;0;0.000000;0;0.000000;0;0.000000;0;0.000000;34;0.000000;3;13800.000000;2;0.000000;0;0.000000;0;0.000000;0;0.000000;0;0.000000;0;0.000000;0;0.000000;0;0.000000;0;0.000000;0;0.000000;"2015-12-26 14:15:09.000"
"2015-12";921087;1792307;0;0.000000;0;0.000000;0;0.000000;0;0.000000;0;0.000000;0;0.000000;13;0.000000;7;18793.330000;1;0.000000;0;0.000000;0;0.000000;0;0.000000;0;0.000000;0;0.000000;0;0.000000;0;0.000000;0;0.000000;0;0.000000;"2015-12-23 14:45:38.000"
"2015-12";934609;1805576;0;0.000000;0;0.000000;0;0.000000;0;0.000000;0;0.000000;0;0.000000;11;0.000000;3;4703.590000;0;0.000000;0;0.000000;0;0.000000;0;0.000000;0;0.000000;0;0.000000;0;0.000000;0;0.000000;0;0.000000;0;0.000000;"2015-12-14 12:39:44.000"
"2015-12";945381;1816394;0;0.000000;0;0.000000;1;0.000000;0;0.000000;0;0.000000;0;0.000000;0;0.000000;0;0.000000;0;0.000000;0;0.000000;0;0.000000;0;0.000000;0;0.000000;0;0.000000;0;0.000000;0;0.000000;0;0.000000;0;0.000000;"2015-12-01 11:08:35.000"
"2015-12";960385;1830715;0;0.000000;0;0.000000;0;0.000000;0;0.000000;0;0.000000;0;0.000000;1;0.000000;0;0.000000;0;0.000000;0;0.000000;0;0.000000;0;0.000000;0;0.000000;0;0.000000;0;0.000000;0;0.000000;0;0.000000;0;0.000000;"2015-12-06 12:12:33.000"
"2015-12";976042;1847063;0;0.000000;0;0.000000;0;0.000000;0;0.000000;0;0.000000;0;0.000000;49;0.000000;6;23150.000000;1;0.000000;0;0.000000;0;0.000000;0;0.000000;0;0.000000;0;0.000000;1;0.000000;0;0.000000;0;0.000000;0;0.000000;"2015-12-30 23:23:11.000"
"2015-12";990816;1861650;0;0.000000;0;0.000000;0;0.000000;0;0.000000;0;0.000000;0;0.000000;9;0.000000;0;0.000000;0;0.000000;0;0.000000;0;0.000000;0;0.000000;0;0.000000;0;0.000000;0;0.000000;0;0.000000;0;0.000000;0;0.000000;"2015-12-23 17:44:50.000"
"2015-12";1007555;1878351;0;0.000000;0;0.000000;0;0.000000;0;0.000000;0;0.000000;0;0.000000;34;0.000000;0;0.000000;0;0.000000;0;0.000000;0;0.000000;0;0.000000;0;0.000000;0;0.000000;0;0.000000;0;0.000000;0;0.000000;0;0.000000;"2015-12-30 09:55:01.000"
"2015-12";1022101;1889074;0;0.000000;0;0.000000;1;0.000000;0;0.000000;0;0.000000;0;0.000000;0;0.000000;0;0.000000;0;0.000000;0;0.000000;0;0.000000;0;0.000000;0;0.000000;0;0.000000;0;0.000000;0;0.000000;0;0.000000;0;0.000000;"2015-12-01 14:36:46.000"
"2015-12";1036044;1907317;0;0.000000;0;0.000000;2;0.000000;0;0.000000;0;0.000000;0;0.000000;3;0.000000;0;0.000000;1;0.000000;0;0.000000;0;0.000000;0;0.000000;0;0.000000;0;0.000000;0;0.000000;0;0.000000;0;0.000000;0;0.000000;"2015-12-18 14:24:56.000"
"2015-12";1050772;1922025;0;0.000000;0;0.000000;1;;0;0.000000;0;0.000000;0;0.000000;0;0.000000;0;0.000000;0;0.000000;0;0.000000;0;0.000000;0;0.000000;0;0.000000;0;0.000000;0;0.000000;0;0.000000;0;0.000000;0;0.000000;"2015-12-15 17:38:08.000"
"2015-12";1069257;1940084;3;0.000000;0;0.000000;3;0.000000;25;0.000000;0;0.000000;0;0.000000;0;0.000000;0;0.000000;0;0.000000;0;0.000000;0;0.000000;0;0.000000;0;0.000000;0;0.000000;0;0.000000;0;0.000000;0;0.000000;0;0.000000;"2015-12-31 08:47:38.000"
"2015-12";1082138;1953219;0;0.000000;0;0.000000;0;0.000000;0;0.000000;0;0.000000;0;0.000000;56;0.000000;6;0.000000;0;0.000000;0;0.000000;0;0.000000;0;0.000000;0;0.000000;0;0.000000;0;0.000000;0;0.000000;0;0.000000;0;0.000000;"2015-12-29 11:21:55.000"
"2015-12";1094691;1965379;0;0.000000;0;0.000000;0;0.000000;0;0.000000;0;0.000000;0;0.000000;27;0.000000;2;4739.000000;0;0.000000;0;0.000000;0;0.000000;0;0.000000;0;0.000000;0;0.000000;0;0.000000;0;0.000000;0;0.000000;0;0.000000;"2015-12-22 12:54:17.000"
"2015-12";1108535;1979518;0;0.000000;0;0.000000;0;0.000000;0;0.000000;0;0.000000;0;0.000000;2;0.000000;0;0.000000;0;0.000000;0;0.000000;0;0.000000;0;0.000000;0;0.000000;0;0.000000;0;0.000000;0;0.000000;0;0.000000;0;0.000000;"2015-12-17 08:55:28.000"
"2015-12";1124047;1995027;6;0.000000;0;0.000000;5;0.000000;5;0.000000;0;0.000000;0;0.000000;0;0.000000;0;0.000000;0;0.000000;3;0.000000;0;0.000000;0;0.000000;0;0.000000;0;0.000000;0;0.000000;0;0.000000;0;0.000000;0;0.000000;"2015-12-29 11:50:23.000"
"2015-12";1139723;2010709;0;0.000000;0;0.000000;0;0.000000;0;0.000000;0;0.000000;0;0.000000;8;0.000000;5;0.000000;2;0.000000;0;0.000000;0;0.000000;0;0.000000;0;0.000000;0;0.000000;1;0.000000;0;0.000000;0;0.000000;0;0.000000;"2015-12-22 19:49:08.000"
"2015-12";1153707;2024697;0;0.000000;0;0.000000;0;0.000000;0;0.000000;0;0.000000;0;0.000000;22;0.000000;0;0.000000;0;0.000000;0;0.000000;0;0.000000;0;0.000000;0;0.000000;0;0.000000;0;0.000000;0;0.000000;0;0.000000;0;0.000000;"2015-12-18 20:03:37.000"
"2015-12";1185841;2056840;1;0.000000;0;0.000000;1;0.000000;0;0.000000;0;0.000000;0;0.000000;26;0.000000;0;0.000000;0;0.000000;0;0.000000;1;2700.000000;0;0.000000;0;0.000000;0;0.000000;0;0.000000;0;0.000000;0;0.000000;0;0.000000;"2015-12-29 15:40:27.000"
"2015-12";1207622;2078998;0;0.000000;0;0.000000;0;0.000000;0;0.000000;0;0.000000;0;0.000000;8;0.000000;0;0.000000;1;0.000000;0;0.000000;0;0.000000;0;0.000000;0;0.000000;0;0.000000;0;0.000000;0;0.000000;0;0.000000;0;0.000000;"2015-12-30 15:27:18.000"
"2015-12";1222139;2093056;0;0.000000;0;0.000000;0;0.000000;0;0.000000;0;0.000000;0;0.000000;0;0.000000;0;0.000000;0;0.000000;9;0.000000;3;4800.000000;0;0.000000;0;0.000000;0;0.000000;0;0.000000;0;0.000000;0;0.000000;0;0.000000;"2015-12-19 19:58:32.000"
"2015-12";1235669;2106701;0;0.000000;0;0.000000;0;0.000000;0;0.000000;0;0.000000;0;0.000000;62;0.000000;11;20934.580000;2;0.000000;0;0.000000;3;42642.410000;0;0.000000;0;0.000000;0;0.000000;0;0.000000;0;0.000000;0;0.000000;0;0.000000;"2015-12-31 10:34:12.000"
"2015-12";1251926;2123084;0;0.000000;0;0.000000;0;0.000000;0;0.000000;0;0.000000;0;0.000000;36;0.000000;16;0.000000;1;0.000000;1;0.000000;0;0.000000;0;0.000000;0;0.000000;0;0.000000;1;0.000000;0;0.000000;0;0.000000;0;0.000000;"2015-12-29 15:01:31.000"
"2015-12";1264051;2135083;11;0.000000;3;3885.910000;0;0.000000;0;0.000000;0;0.000000;0;0.000000;47;0.000000;0;0.000000;0;0.000000;0;0.000000;0;0.000000;0;0.000000;0;0.000000;0;0.000000;0;0.000000;0;0.000000;0;0.000000;0;0.000000;"2015-12-30 09:10:57.000"
"2015-12";1280261;2151304;0;0.000000;0;0.000000;0;0.000000;0;0.000000;0;0.000000;0;0.000000;21;0.000000;1;3717.010000;0;0.000000;1;0.000000;0;0.000000;0;0.000000;0;0.000000;0;0.000000;0;0.000000;0;0.000000;0;0.000000;0;0.000000;"2015-12-31 19:26:49.000"
"2015-12";1298003;2169189;0;0.000000;0;0.000000;0;0.000000;0;0.000000;0;0.000000;0;0.000000;9;0.000000;3;0.000000;0;0.000000;0;0.000000;0;0.000000;0;0.000000;0;0.000000;0;0.000000;0;0.000000;0;0.000000;0;0.000000;0;0.000000;"2015-12-21 14:35:43.000"
"2015-12";1310975;2182013;0;0.000000;0;0.000000;0;0.000000;0;0.000000;0;0.000000;0;0.000000;19;0.000000;4;0.000000;0;0.000000;0;0.000000;0;0.000000;0;0.000000;0;0.000000;0;0.000000;0;0.000000;0;0.000000;0;0.000000;0;0.000000;"2015-12-29 11:30:18.000"
"2015-12";1325935;2196977;0;0.000000;0;0.000000;0;0.000000;0;0.000000;0;0.000000;0;0.000000;0;0.000000;0;0.000000;1;0.000000;0;0.000000;0;0.000000;0;0.000000;0;0.000000;0;0.000000;0;0.000000;0;0.000000;0;0.000000;0;0.000000;"2015-12-22 10:58:19.000"
"2015-12";1353947;2225257;0;0.000000;0;0.000000;0;0.000000;0;0.000000;0;0.000000;0;0.000000;8;0.000000;0;0.000000;0;0.000000;0;0.000000;0;0.000000;0;0.000000;0;0.000000;0;0.000000;0;0.000000;0;0.000000;0;0.000000;0;0.000000;"2015-12-28 00:23:55.000"
"2015-12";1369211;2238252;0;0.000000;0;0.000000;0;0.000000;0;0.000000;0;0.000000;0;0.000000;77;8671.000000;26;47480.060000;18;0.000000;0;0.000000;0;0.000000;0;0.000000;0;0.000000;0;0.000000;0;0.000000;0;0.000000;0;0.000000;0;0.000000;"2015-12-31 12:38:01.000"
"2015-12";1393415;2265534;0;0.000000;0;0.000000;0;0.000000;0;0.000000;0;0.000000;0;0.000000;55;0.000000;6;64917.200000;1;0.000000;0;0.000000;0;0.000000;0;0.000000;0;0.000000;0;0.000000;0;0.000000;0;0.000000;0;0.000000;0;0.000000;"2015-12-29 10:12:29.000"
"2015-12";1419631;2291316;0;0.000000;0;0.000000;0;0.000000;0;0.000000;0;0.000000;0;0.000000;28;0.000000;0;0.000000;0;0.000000;0;0.000000;0;0.000000;0;0.000000;0;0.000000;0;0.000000;0;0.000000;0;0.000000;0;0.000000;0;0.000000;"2015-12-30 16:03:16.000"
"2015-12";1436278;2312956;0;0.000000;0;0.000000;0;0.000000;0;0.000000;0;0.000000;0;0.000000;4;0.000000;0;0.000000;0;0.000000;0;0.000000;0;0.000000;0;0.000000;0;0.000000;0;0.000000;0;0.000000;0;0.000000;0;0.000000;0;0.000000;"2015-12-21 19:46:41.000"
"2015-12";1453745;2327580;0;0.000000;0;0.000000;0;0.000000;5;0.000000;0;0.000000;0;0.000000;0;0.000000;0;0.000000;0;0.000000;0;0.000000;0;0.000000;0;0.000000;0;0.000000;0;0.000000;0;0.000000;0;0.000000;0;0.000000;0;0.000000;"2015-12-29 17:17:14.000"
"2015-12";1465460;2338427;0;0.000000;0;0.000000;0;0.000000;0;0.000000;0;0.000000;0;0.000000;3;0.000000;3;5700.000000;0;0.000000;0;0.000000;0;0.000000;0;0.000000;0;0.000000;0;0.000000;0;0.000000;0;0.000000;0;0.000000;0;0.000000;"2015-12-29 08:16:12.000"
"2015-12";1477932;2351673;0;0.000000;0;0.000000;0;0.000000;0;0.000000;0;0.000000;0;0.000000;67;0.000000;0;0.000000;1;0.000000;13;0.000000;1;10.000000;0;0.000000;0;0.000000;0;0.000000;0;0.000000;0;0.000000;0;0.000000;0;0.000000;"2015-12-28 00:37:21.000"
"2015-12";1491022;2364679;0;0.000000;0;0.000000;0;0.000000;0;0.000000;0;0.000000;0;0.000000;0;0.000000;0;0.000000;0;0.000000;0;0.000000;0;0.000000;0;0.000000;0;0.000000;0;0.000000;1;0.000000;0;0.000000;0;0.000000;0;0.000000;"2015-12-30 19:22:43.000"
"2015-12";1504709;2378810;0;0.000000;0;0.000000;0;0.000000;0;0.000000;0;0.000000;0;0.000000;29;0.000000;3;0.000000;0;0.000000;0;0.000000;0;0.000000;0;0.000000;0;0.000000;0;0.000000;0;0.000000;0;0.000000;0;0.000000;0;0.000000;"2015-12-31 20:13:59.000"
"2015-12";1519387;2393386;0;0.000000;0;0.000000;0;0.000000;0;0.000000;0;0.000000;0;0.000000;25;0.000000;0;0.000000;0;0.000000;0;0.000000;0;0.000000;0;0.000000;0;0.000000;0;0.000000;0;0.000000;0;0.000000;0;0.000000;0;0.000000;"2015-12-18 02:51:37.000"
"2015-12";1530810;2405266;6;0.000000;0;0.000000;5;0.000000;23;0.000000;0;0.000000;0;0.000000;0;0.000000;0;0.000000;0;0.000000;0;0.000000;0;0.000000;0;0.000000;0;0.000000;0;0.000000;0;0.000000;0;0.000000;0;0.000000;0;0.000000;"2015-12-28 08:39:26.000"
"2015-12";1533589;2408542;0;0.000000;0;0.000000;0;0.000000;0;0.000000;0;0.000000;0;0.000000;63;0.000000;5;17030.000000;0;0.000000;0;0.000000;0;0.000000;0;0.000000;0;0.000000;0;0.000000;0;0.000000;0;0.000000;0;0.000000;0;0.000000;"2015-12-30 11:22:50.000"
"2015-12";1535136;2409829;0;0.000000;0;0.000000;0;0.000000;0;0.000000;0;0.000000;0;0.000000;18;0.000000;5;7124.700000;0;0.000000;0;0.000000;0;0.000000;0;0.000000;0;0.000000;0;0.000000;0;0.000000;0;0.000000;0;0.000000;0;0.000000;"2015-12-23 09:33:10.000"
"2015-12";1539967;2414294;0;0.000000;0;0.000000;0;0.000000;0;0.000000;0;0.000000;0;0.000000;17;0.000000;4;0.000000;0;0.000000;0;0.000000;0;0.000000;0;0.000000;0;0.000000;0;0.000000;0;0.000000;0;0.000000;0;0.000000;0;0.000000;"2015-12-31 17:25:49.000"
"2015-12";1554101;2988168;0;0.000000;0;0.000000;0;0.000000;0;0.000000;0;0.000000;0;0.000000;18;0.000000;0;0.000000;0;0.000000;0;0.000000;0;0.000000;0;0.000000;0;0.000000;0;0.000000;0;0.000000;0;0.000000;0;0.000000;0;0.000000;"2015-12-30 12:58:43.000"
"2015-12";1565287;2860940;0;0.000000;0;0.000000;0;0.000000;0;0.000000;0;0.000000;0;0.000000;36;0.000000;0;0.000000;0;0.000000;0;0.000000;2;9200.000000;0;0.000000;0;0.000000;0;0.000000;0;0.000000;0;0.000000;0;0.000000;0;0.000000;"2015-12-30 14:45:16.000"
"2015-12";1575897;2743467;0;0.000000;0;0.000000;0;0.000000;0;0.000000;0;0.000000;0;0.000000;17;0.000000;4;0.000000;0;0.000000;0;0.000000;0;0.000000;0;0.000000;0;0.000000;0;0.000000;0;0.000000;0;0.000000;0;0.000000;0;0.000000;"2015-12-24 08:46:31.000"
"2015-12";1586809;2623474;0;0.000000;0;0.000000;0;0.000000;0;0.000000;0;0.000000;0;0.000000;4;0.000000;0;0.000000;0;0.000000;0;0.000000;0;0.000000;0;0.000000;0;0.000000;0;0.000000;0;0.000000;0;0.000000;0;0.000000;0;0.000000;"2015-12-02 18:13:27.000"
"2015-12";1598044;2508248;0;0.000000;0;0.000000;0;0.000000;0;0.000000;0;0.000000;0;0.000000;10;0.000000;0;0.000000;0;0.000000;0;0.000000;0;0.000000;0;0.000000;0;0.000000;0;0.000000;0;0.000000;0;0.000000;0;0.000000;0;0.000000;"2015-12-29 01:20:20.000"
"2015-12";1608935;2425903;0;0.000000;0;0.000000;0;0.000000;0;0.000000;0;0.000000;0;0.000000;20;0.000000;15;0.000000;0;0.000000;0;0.000000;0;0.000000;0;0.000000;0;0.000000;0;0.000000;0;0.000000;0;0.000000;0;0.000000;0;0.000000;"2015-12-31 20:45:16.000"
"2015-12";1620822;2439486;0;0.000000;0;0.000000;0;0.000000;0;0.000000;0;0.000000;0;0.000000;35;0.000000;9;4108.000000;0;0.000000;0;0.000000;0;0.000000;0;0.000000;0;0.000000;0;0.000000;0;0.000000;0;0.000000;0;0.000000;0;0.000000;"2015-12-29 11:30:28.000"
"2015-12";1631484;2452137;0;0.000000;0;0.000000;0;0.000000;0;0.000000;0;0.000000;0;0.000000;52;0.000000;0;0.000000;0;0.000000;0;0.000000;0;0.000000;0;0.000000;0;0.000000;0;0.000000;0;0.000000;0;0.000000;0;0.000000;0;0.000000;"2015-12-30 14:19:59.000"
"2015-12";1642553;2463565;0;0.000000;0;0.000000;0;0.000000;4;0.000000;0;0.000000;0;0.000000;0;0.000000;0;0.000000;0;0.000000;0;0.000000;0;0.000000;0;0.000000;0;0.000000;0;0.000000;0;0.000000;0;0.000000;0;0.000000;0;0.000000;"2015-12-09 14:55:08.000"
"2015-12";1654407;2477585;0;0.000000;0;0.000000;0;0.000000;0;0.000000;0;0.000000;0;0.000000;49;0.000000;1;20000.000000;0;0.000000;0;0.000000;0;0.000000;0;0.000000;0;0.000000;0;0.000000;0;0.000000;0;0.000000;0;0.000000;0;0.000000;"2015-12-31 08:21:16.000"
"2015-12";1665683;2488917;0;0.000000;0;0.000000;0;0.000000;0;0.000000;0;0.000000;0;0.000000;13;0.000000;0;0.000000;2;0.000000;0;0.000000;0;0.000000;0;0.000000;0;0.000000;0;0.000000;0;0.000000;0;0.000000;0;0.000000;0;0.000000;"2015-12-20 13:53:31.000"
"2015-12";1677308;2502500;0;0.000000;0;0.000000;0;0.000000;0;0.000000;0;0.000000;0;0.000000;4;0.000000;0;0.000000;0;0.000000;0;0.000000;0;0.000000;0;0.000000;0;0.000000;0;0.000000;0;0.000000;0;0.000000;0;0.000000;0;0.000000;"2015-12-01 18:05:34.000"
"2015-12";1687659;2515120;0;0.000000;0;0.000000;0;0.000000;0;0.000000;0;0.000000;0;0.000000;49;0.000000;2;10650.000000;0;0.000000;0;0.000000;2;7700.000000;0;0.000000;0;0.000000;0;0.000000;0;0.000000;0;0.000000;0;0.000000;0;0.000000;"2015-12-30 14:49:51.000"
"2015-12";1699925;2529449;0;0.000000;0;0.000000;0;0.000000;0;0.000000;0;0.000000;0;0.000000;27;0.000000;10;440.000000;1;0.000000;0;0.000000;0;0.000000;0;0.000000;0;0.000000;0;0.000000;0;0.000000;0;0.000000;0;0.000000;0;0.000000;"2015-12-24 12:27:33.000"
"2015-12";1711058;2542040;0;0.000000;0;0.000000;0;0.000000;0;0.000000;0;0.000000;0;0.000000;0;0.000000;0;0.000000;0;0.000000;0;0.000000;0;0.000000;0;0.000000;0;0.000000;0;0.000000;0;0.000000;0;0.000000;0;0.000000;0;0.000000;"2015-12-15 11:21:27.000"
"2015-12";1722179;2554540;0;0.000000;0;0.000000;0;0.000000;0;0.000000;0;0.000000;0;0.000000;53;0.000000;11;102000.000000;0;0.000000;0;0.000000;0;0.000000;0;0.000000;0;0.000000;0;0.000000;0;0.000000;0;0.000000;0;0.000000;0;0.000000;"2015-12-29 15:32:55.000"
"2015-12";1732738;2565800;0;0.000000;0;0.000000;0;0.000000;0;0.000000;0;0.000000;0;0.000000;10;0.000000;3;0.000000;0;0.000000;0;0.000000;0;0.000000;0;0.000000;0;0.000000;0;0.000000;0;0.000000;0;0.000000;0;0.000000;0;0.000000;"2015-12-28 12:01:42.000"
"2015-12";1743238;2579370;0;0.000000;0;0.000000;0;0.000000;0;0.000000;0;0.000000;0;0.000000;10;0.000000;0;0.000000;0;0.000000;0;0.000000;0;0.000000;0;0.000000;0;0.000000;0;0.000000;0;0.000000;0;0.000000;0;0.000000;0;0.000000;"2015-12-23 18:03:08.000"
"2015-12";1754333;2620478;0;0.000000;0;0.000000;0;0.000000;0;0.000000;0;0.000000;0;0.000000;4;0.000000;0;0.000000;0;0.000000;0;0.000000;0;0.000000;0;0.000000;0;0.000000;0;0.000000;0;0.000000;0;0.000000;0;0.000000;0;0.000000;"2015-12-04 20:54:29.000"
"2015-12";1765705;2605903;0;0.000000;0;0.000000;0;0.000000;0;0.000000;0;0.000000;0;0.000000;8;0.000000;2;0.000000;0;0.000000;0;0.000000;0;0.000000;0;0.000000;0;0.000000;0;0.000000;0;0.000000;0;0.000000;0;0.000000;0;0.000000;"2015-12-18 09:10:42.000"
"2015-12";1776745;2616138;0;0.000000;0;0.000000;0;0.000000;0;0.000000;0;0.000000;0;0.000000;10;0.000000;1;12522.290000;0;0.000000;0;0.000000;0;0.000000;0;0.000000;0;0.000000;0;0.000000;0;0.000000;0;0.000000;0;0.000000;0;0.000000;"2015-12-29 07:14:33.000"
"2015-12";1787460;2628837;0;0.000000;0;0.000000;0;0.000000;0;0.000000;0;0.000000;0;0.000000;22;0.000000;3;0.000000;0;0.000000;0;0.000000;0;0.000000;0;0.000000;0;0.000000;0;0.000000;0;0.000000;0;0.000000;0;0.000000;0;0.000000;"2015-12-31 19:30:57.000"
"2015-12";1798894;2642686;0;0.000000;0;0.000000;0;0.000000;0;0.000000;0;0.000000;0;0.000000;40;0.000000;5;27716.250000;0;0.000000;0;0.000000;0;0.000000;0;0.000000;0;0.000000;0;0.000000;0;0.000000;0;0.000000;0;0.000000;0;0.000000;"2015-12-29 20:01:59.000"
"2015-12";1810776;2656298;0;0.000000;0;0.000000;0;0.000000;0;0.000000;0;0.000000;0;0.000000;17;0.000000;5;0.000000;0;0.000000;0;0.000000;0;0.000000;0;0.000000;0;0.000000;0;0.000000;0;0.000000;0;0.000000;0;0.000000;0;0.000000;"2015-12-29 10:37:44.000"
"2015-12";1821586;2670138;0;0.000000;0;0.000000;0;0.000000;0;0.000000;0;0.000000;0;0.000000;10;0.000000;1;50000.000000;2;0.000000;0;0.000000;0;0.000000;0;0.000000;0;0.000000;0;0.000000;0;0.000000;0;0.000000;0;0.000000;0;0.000000;"2015-12-06 12:06:22.000"
"2015-12";1832784;2682111;0;0.000000;0;0.000000;0;0.000000;0;0.000000;0;0.000000;0;0.000000;36;0.000000;0;0.000000;0;0.000000;0;0.000000;1;1769.810000;0;0.000000;0;0.000000;0;0.000000;0;0.000000;0;0.000000;0;0.000000;0;0.000000;"2015-12-22 12:06:39.000"
"2015-12";1843808;2692953;0;0.000000;0;0.000000;0;0.000000;0;0.000000;0;0.000000;0;0.000000;24;0.000000;11;0.000000;0;0.000000;0;0.000000;0;0.000000;0;0.000000;0;0.000000;0;0.000000;0;0.000000;0;0.000000;0;0.000000;0;0.000000;"2015-12-30 07:07:33.000"
"2015-12";1855309;2707830;0;0.000000;0;0.000000;0;0.000000;0;0.000000;0;0.000000;0;0.000000;17;0.000000;0;0.000000;1;0.000000;0;0.000000;0;0.000000;0;0.000000;0;0.000000;0;0.000000;0;0.000000;0;0.000000;0;0.000000;0;0.000000;"2015-12-29 00:01:42.000"
"2015-12";1866326;2718844;0;0.000000;0;0.000000;0;0.000000;0;0.000000;0;0.000000;0;0.000000;18;0.000000;2;13135.200000;0;0.000000;0;0.000000;0;0.000000;0;0.000000;0;0.000000;0;0.000000;0;0.000000;0;0.000000;0;0.000000;0;0.000000;"2015-12-31 16:00:32.000"
"2015-12";1877006;2730119;0;0.000000;0;0.000000;0;0.000000;0;0.000000;0;0.000000;0;0.000000;22;0.000000;7;15389.080000;1;0.000000;0;0.000000;0;0.000000;0;0.000000;0;0.000000;0;0.000000;0;0.000000;0;0.000000;0;0.000000;0;0.000000;"2015-12-29 22:17:16.000"
"2015-12";1888259;2744997;0;0.000000;0;0.000000;0;0.000000;0;0.000000;0;0.000000;0;0.000000;13;0.000000;5;0.000000;0;0.000000;0;0.000000;0;0.000000;0;0.000000;0;0.000000;0;0.000000;0;0.000000;0;0.000000;0;0.000000;0;0.000000;"2015-12-20 14:24:36.000"
"2015-12";1899278;2756074;0;0.000000;0;0.000000;0;0.000000;0;0.000000;0;0.000000;0;0.000000;71;0.000000;7;13759.000000;4;0.000000;0;0.000000;0;0.000000;0;0.000000;0;0.000000;0;0.000000;1;0.000000;0;0.000000;0;0.000000;0;0.000000;"2015-12-29 13:48:42.000"
"2015-12";1910467;2769762;0;0.000000;0;0.000000;0;0.000000;0;0.000000;0;0.000000;0;0.000000;16;0.000000;0;0.000000;0;0.000000;0;0.000000;0;0.000000;0;0.000000;0;0.000000;0;0.000000;0;0.000000;0;0.000000;0;0.000000;0;0.000000;"2015-12-31 10:24:54.000"
"2015-12";1921623;2783306;0;0.000000;0;0.000000;0;0.000000;0;0.000000;0;0.000000;0;0.000000;83;8251.000000;19;12000.000000;1;0.000000;0;0.000000;0;0.000000;0;0.000000;0;0.000000;0;0.000000;0;0.000000;0;0.000000;0;0.000000;0;0.000000;"2015-12-31 08:34:15.000"
"2015-12";1932441;2794738;0;0.000000;0;0.000000;0;0.000000;0;0.000000;0;0.000000;0;0.000000;6;0.000000;0;0.000000;0;0.000000;0;0.000000;0;0.000000;0;0.000000;0;0.000000;0;0.000000;0;0.000000;0;0.000000;0;0.000000;0;0.000000;"2015-12-27 01:02:35.000"
"2015-12";1943424;2806813;0;0.000000;0;0.000000;0;0.000000;0;0.000000;0;0.000000;0;0.000000;6;0.000000;0;0.000000;0;0.000000;0;0.000000;0;0.000000;0;0.000000;0;0.000000;0;0.000000;0;0.000000;0;0.000000;0;0.000000;0;0.000000;"2015-12-11 15:40:23.000"
"2015-12";1954377;2817829;0;0.000000;0;0.000000;0;0.000000;0;0.000000;0;0.000000;0;0.000000;0;0.000000;0;0.000000;0;0.000000;5;0.000000;5;82218.340000;0;0.000000;0;0.000000;0;0.000000;0;0.000000;0;0.000000;0;0.000000;0;0.000000;"2015-12-28 12:35:24.000"
"2015-12";1965614;2831043;0;0.000000;0;0.000000;0;0.000000;0;0.000000;0;0.000000;0;0.000000;38;7268.810000;1;0.000000;0;0.000000;0;0.000000;0;0.000000;0;0.000000;0;0.000000;0;0.000000;0;0.000000;0;0.000000;0;0.000000;0;0.000000;"2015-12-30 17:26:01.000"
"2015-12";1976723;2843338;0;0.000000;0;0.000000;1;0.000000;0;0.000000;0;0.000000;0;0.000000;0;0.000000;0;0.000000;0;0.000000;0;0.000000;0;0.000000;0;0.000000;0;0.000000;0;0.000000;0;0.000000;0;0.000000;0;0.000000;0;0.000000;"2015-12-14 18:30:29.000"
"2015-12";1987998;2856804;0;0.000000;0;0.000000;0;0.000000;0;0.000000;0;0.000000;0;0.000000;0;0.000000;0;0.000000;0;0.000000;0;0.000000;0;0.000000;0;0.000000;0;0.000000;0;0.000000;0;0.000000;0;0.000000;0;0.000000;0;0.000000;"2015-12-18 13:30:05.000"
"2015-12";1999073;2870053;0;0.000000;0;0.000000;0;0.000000;0;0.000000;0;0.000000;0;0.000000;4;0.000000;3;0.000000;0;0.000000;0;0.000000;0;0.000000;0;0.000000;0;0.000000;0;0.000000;0;0.000000;0;0.000000;0;0.000000;0;0.000000;"2015-12-15 08:25:53.000"
"2015-12";2009728;2883860;0;0.000000;0;0.000000;0;0.000000;0;0.000000;0;0.000000;0;0.000000;3;0.000000;0;0.000000;1;0.000000;0;0.000000;0;0.000000;0;0.000000;0;0.000000;0;0.000000;0;0.000000;0;0.000000;0;0.000000;0;0.000000;"2015-12-04 01:23:25.000"
"2015-12";2021462;2895417;0;0.000000;0;0.000000;0;0.000000;0;0.000000;0;0.000000;0;0.000000;3;0.000000;0;0.000000;0;0.000000;0;0.000000;0;0.000000;0;0.000000;0;0.000000;0;0.000000;0;0.000000;0;0.000000;0;0.000000;0;0.000000;"2015-12-03 16:06:10.000"
"2015-12";2032411;2906889;0;0.000000;0;0.000000;0;0.000000;0;0.000000;0;0.000000;0;0.000000;2;0.000000;0;0.000000;1;0.000000;0;0.000000;0;0.000000;0;0.000000;0;0.000000;0;0.000000;0;0.000000;0;0.000000;0;0.000000;0;0.000000;"2015-12-31 17:53:45.000"
"2015-12";2043983;2919679;2;0.000000;0;0.000000;1;0.000000;0;0.000000;0;0.000000;0;0.000000;51;0.000000;1;21923.000000;0;0.000000;0;0.000000;0;0.000000;0;0.000000;0;0.000000;0;0.000000;0;0.000000;0;0.000000;0;0.000000;0;0.000000;"2015-12-30 09:15:52.000"
"2015-12";2055261;2932571;0;0.000000;0;0.000000;0;0.000000;0;0.000000;0;0.000000;0;0.000000;9;0.000000;0;0.000000;0;0.000000;0;0.000000;0;0.000000;0;0.000000;0;0.000000;0;0.000000;0;0.000000;0;0.000000;0;0.000000;0;0.000000;"2015-12-10 13:16:10.000"
"2015-12";2066212;2945368;0;0.000000;0;0.000000;0;0.000000;0;0.000000;0;0.000000;0;0.000000;18;0.000000;1;2339.460000;0;0.000000;0;0.000000;0;0.000000;0;0.000000;0;0.000000;0;0.000000;0;0.000000;0;0.000000;0;0.000000;0;0.000000;"2015-12-28 20:15:55.000"
"2015-12";2077284;2957999;0;0.000000;0;0.000000;0;0.000000;0;0.000000;0;0.000000;0;0.000000;20;0.000000;3;0.000000;0;0.000000;0;0.000000;0;0.000000;0;0.000000;0;0.000000;0;0.000000;0;0.000000;0;0.000000;0;0.000000;0;0.000000;"2015-12-30 09:17:17.000"
"2015-12";2088228;2970142;0;0.000000;0;0.000000;0;0.000000;0;0.000000;0;0.000000;0;0.000000;56;0.000000;20;0.000000;0;0.000000;0;0.000000;0;0.000000;0;0.000000;0;0.000000;0;0.000000;0;0.000000;0;0.000000;0;0.000000;0;0.000000;"2015-12-31 21:55:32.000"
"2015-12";2099922;2992700;0;0.000000;0;0.000000;0;0.000000;0;0.000000;0;0.000000;0;0.000000;36;0.000000;5;7185.000000;0;0.000000;0;0.000000;0;0.000000;0;0.000000;0;0.000000;0;0.000000;0;0.000000;0;0.000000;0;0.000000;0;0.000000;"2015-12-30 09:45:00.000"
"2015-12";2110928;2994594;0;0.000000;0;0.000000;0;0.000000;0;0.000000;0;0.000000;0;0.000000;20;0.000000;1;70000.000000;0;0.000000;0;0.000000;0;0.000000;0;0.000000;0;0.000000;0;0.000000;0;0.000000;0;0.000000;0;0.000000;0;0.000000;"2015-12-31 13:57:10.000"
"2015-12";2122189;3008121;0;0.000000;0;0.000000;0;0.000000;0;0.000000;0;0.000000;0;0.000000;9;0.000000;0;0.000000;0;0.000000;0;0.000000;5;15500.000000;0;0.000000;0;0.000000;0;0.000000;0;0.000000;0;0.000000;0;0.000000;0;0.000000;"2015-12-31 11:27:47.000"
"2015-12";2132989;3021386;0;0.000000;0;0.000000;0;0.000000;0;0.000000;0;0.000000;0;0.000000;21;0.000000;0;0.000000;0;0.000000;0;0.000000;0;0.000000;0;0.000000;0;0.000000;0;0.000000;0;0.000000;0;0.000000;0;0.000000;0;0.000000;"2015-12-21 09:53:01.000"
"2015-12";2144282;3033021;0;0.000000;0;0.000000;0;0.000000;0;0.000000;0;0.000000;0;0.000000;18;0.000000;1;50000.000000;0;0.000000;0;0.000000;0;0.000000;0;0.000000;0;0.000000;0;0.000000;0;0.000000;0;0.000000;0;0.000000;0;0.000000;"2015-12-15 13:53:55.000"
"2015-12";2176933;3051265;1;0.000000;0;0.000000;2;0.000000;0;0.000000;0;0.000000;0;0.000000;21;0.000000;0;0.000000;0;0.000000;0;0.000000;0;0.000000;0;0.000000;0;0.000000;0;0.000000;0;0.000000;0;0.000000;0;0.000000;0;0.000000;"2015-12-19 13:01:14.000"
"2015-12";2191653;3066532;0;0.000000;0;0.000000;0;0.000000;0;0.000000;0;0.000000;0;0.000000;23;0.000000;2;0.000000;0;0.000000;0;0.000000;2;4340.620000;0;0.000000;0;0.000000;0;0.000000;0;0.000000;0;0.000000;0;0.000000;0;0.000000;"2015-12-31 13:08:37.000"
"2015-12";2206704;3083029;0;0.000000;0;0.000000;0;0.000000;0;0.000000;0;0.000000;0;0.000000;80;0.000000;0;0.000000;0;0.000000;0;0.000000;0;0.000000;0;0.000000;0;0.000000;0;0.000000;0;0.000000;0;0.000000;0;0.000000;0;0.000000;"2015-12-31 11:59:23.000"
"2015-12";2220403;3095919;0;0.000000;0;0.000000;0;0.000000;0;0.000000;0;0.000000;0;0.000000;22;0.000000;0;0.000000;0;0.000000;0;0.000000;0;0.000000;0;0.000000;0;0.000000;0;0.000000;0;0.000000;0;0.000000;0;0.000000;0;0.000000;"2015-12-31 07:28:30.000"
"2015-12";2234568;3110258;0;0.000000;0;0.000000;0;0.000000;0;0.000000;0;0.000000;0;0.000000;12;0.000000;0;0.000000;0;0.000000;0;0.000000;0;0.000000;0;0.000000;0;0.000000;0;0.000000;0;0.000000;0;0.000000;0;0.000000;0;0.000000;"2015-12-04 21:33:04.000"
"2015-12";2249079;3124913;0;0.000000;0;0.000000;0;0.000000;0;0.000000;0;0.000000;0;0.000000;55;0.000000;0;0.000000;1;0.000000;0;0.000000;0;0.000000;0;0.000000;0;0.000000;0;0.000000;0;0.000000;0;0.000000;0;0.000000;0;0.000000;"2015-12-22 08:56:58.000"
"2015-12";2261996;3139368;0;0.000000;0;0.000000;0;0.000000;0;0.000000;0;0.000000;0;0.000000;1;0.000000;2;0.000000;1;0.000000;0;0.000000;0;0.000000;0;0.000000;0;0.000000;0;0.000000;0;0.000000;0;0.000000;0;0.000000;0;0.000000;"2015-12-31 09:37:19.000"
"2015-12";2277976;3155609;0;0.000000;0;0.000000;1;0.000000;0;0.000000;0;0.000000;0;0.000000;0;0.000000;0;0.000000;0;0.000000;0;0.000000;0;0.000000;0;0.000000;0;0.000000;0;0.000000;0;0.000000;0;0.000000;0;0.000000;0;0.000000;"2015-12-09 16:34:45.000"
"2015-12";2293195;3170397;0;0.000000;0;0.000000;0;0.000000;0;0.000000;0;0.000000;0;0.000000;101;0.000000;2;0.000000;0;0.000000;0;0.000000;0;0.000000;0;0.000000;0;0.000000;0;0.000000;0;0.000000;0;0.000000;0;0.000000;0;0.000000;"2015-12-31 16:23:25.000"
"2015-12";2307267;3185439;0;0.000000;0;0.000000;0;0.000000;0;0.000000;0;0.000000;0;0.000000;14;0.000000;3;0.000000;0;0.000000;0;0.000000;0;0.000000;0;0.000000;0;0.000000;0;0.000000;0;0.000000;0;0.000000;0;0.000000;0;0.000000;"2015-12-23 09:38:24.000"
"2015-12";2320272;3198927;0;0.000000;0;0.000000;0;0.000000;0;0.000000;0;0.000000;0;0.000000;17;0.000000;0;0.000000;0;0.000000;0;0.000000;0;0.000000;0;0.000000;0;0.000000;0;0.000000;0;0.000000;0;0.000000;0;0.000000;0;0.000000;"2015-12-30 10:42:19.000"
"2015-12";2333918;3212601;0;0.000000;0;0.000000;0;0.000000;0;0.000000;0;0.000000;0;0.000000;6;0.000000;0;0.000000;0;0.000000;0;0.000000;0;0.000000;0;0.000000;0;0.000000;0;0.000000;0;0.000000;0;0.000000;0;0.000000;0;0.000000;"2015-12-30 07:36:24.000"
"2015-12";2345401;3224351;0;0.000000;0;0.000000;0;0.000000;0;0.000000;0;0.000000;0;0.000000;16;0.000000;1;4000.000000;0;0.000000;0;0.000000;0;0.000000;0;0.000000;0;0.000000;0;0.000000;0;0.000000;0;0.000000;0;0.000000;0;0.000000;"2015-12-31 12:22:01.000"
"2015-12";2357989;3237208;0;0.000000;0;0.000000;0;0.000000;0;0.000000;0;0.000000;0;0.000000;24;0.000000;0;0.000000;0;0.000000;0;0.000000;0;0.000000;0;0.000000;0;0.000000;0;0.000000;0;0.000000;0;0.000000;0;0.000000;0;0.000000;"2015-12-29 11:19:18.000"
"2015-12";2373866;3253206;0;0.000000;0;0.000000;0;0.000000;0;0.000000;0;0.000000;0;0.000000;18;0.000000;0;0.000000;0;0.000000;0;0.000000;0;0.000000;0;0.000000;0;0.000000;0;0.000000;0;0.000000;0;0.000000;0;0.000000;0;0.000000;"2015-12-26 14:28:49.000"
"2015-12";2388875;3268494;0;0.000000;0;0.000000;0;0.000000;0;0.000000;0;0.000000;0;0.000000;72;0.000000;2;31278.420000;0;0.000000;0;0.000000;0;0.000000;0;0.000000;0;0.000000;0;0.000000;0;0.000000;0;0.000000;0;0.000000;0;0.000000;"2015-12-30 09:58:12.000"
"2015-12";2870887;3283055;10;0.000000;0;0.000000;5;0.000000;0;0.000000;0;0.000000;0;0.000000;2;0.000000;0;0.000000;1;0.000000;0;0.000000;0;0.000000;0;0.000000;0;0.000000;0;0.000000;1;0.000000;0;0.000000;0;0.000000;0;0.000000;"2015-12-30 08:57:29.000"
"2015-12";2887434;3296456;0;0.000000;0;0.000000;0;0.000000;0;0.000000;0;0.000000;0;0.000000;8;0.000000;0;0.000000;0;0.000000;0;0.000000;0;0.000000;0;0.000000;0;0.000000;0;0.000000;0;0.000000;0;0.000000;0;0.000000;0;0.000000;"2015-12-26 18:04:39.000"
"2015-12";2904252;3310641;0;0.000000;0;0.000000;0;0.000000;0;0.000000;0;0.000000;0;0.000000;7;0.000000;3;0.000000;0;0.000000;0;0.000000;0;0.000000;0;0.000000;0;0.000000;0;0.000000;0;0.000000;0;0.000000;0;0.000000;0;0.000000;"2015-12-27 13:03:24.000"
"2015-12";2920651;3323712;0;0.000000;0;0.000000;0;0.000000;0;0.000000;0;0.000000;0;0.000000;37;0.000000;8;0.000000;0;0.000000;0;0.000000;5;23000.000000;0;0.000000;0;0.000000;0;0.000000;0;0.000000;0;0.000000;0;0.000000;0;0.000000;"2015-12-31 16:35:07.000"
"2015-12";2939371;3339060;0;0.000000;0;0.000000;0;0.000000;0;0.000000;0;0.000000;0;0.000000;39;0.000000;0;0.000000;0;0.000000;0;0.000000;0;0.000000;0;0.000000;0;0.000000;0;0.000000;0;0.000000;0;0.000000;0;0.000000;0;0.000000;"2015-12-31 03:37:58.000"
"2015-12";2960150;3355998;0;0.000000;0;0.000000;0;0.000000;0;0.000000;0;0.000000;0;0.000000;30;0.000000;0;0.000000;0;0.000000;0;0.000000;0;0.000000;0;0.000000;0;0.000000;0;0.000000;0;0.000000;0;0.000000;0;0.000000;0;0.000000;"2015-12-23 17:00:52.000"
"2015-12";2981603;3370996;0;0.000000;0;0.000000;0;0.000000;0;0.000000;0;0.000000;0;0.000000;10;0.000000;0;0.000000;0;0.000000;0;0.000000;0;0.000000;0;0.000000;0;0.000000;0;0.000000;0;0.000000;0;0.000000;0;0.000000;0;0.000000;"2015-12-31 14:53:48.000"
"2015-12";3001775;3387287;0;0.000000;0;0.000000;0;0.000000;0;0.000000;0;0.000000;0;0.000000;11;0.000000;0;0.000000;1;0.000000;0;0.000000;0;0.000000;0;0.000000;0;0.000000;0;0.000000;0;0.000000;0;0.000000;0;0.000000;0;0.000000;"2015-12-21 10:06:46.000"
"2015-12";3019407;3401964;0;0.000000;0;0.000000;0;0.000000;0;0.000000;0;0.000000;0;0.000000;46;0.000000;3;0.000000;0;0.000000;0;0.000000;0;0.000000;0;0.000000;0;0.000000;0;0.000000;0;0.000000;0;0.000000;0;0.000000;0;0.000000;"2015-12-29 19:40:17.000"
"2015-12";3034942;3414504;0;0.000000;0;0.000000;1;0.000000;0;0.000000;0;0.000000;0;0.000000;0;0.000000;0;0.000000;0;0.000000;0;0.000000;0;0.000000;0;0.000000;0;0.000000;0;0.000000;0;0.000000;0;0.000000;0;0.000000;0;0.000000;"2015-12-04 10:27:48.000"
"2015-12";3050937;3427372;0;0.000000;0;0.000000;0;0.000000;0;0.000000;0;0.000000;0;0.000000;11;0.000000;1;0.000000;0;0.000000;0;0.000000;0;0.000000;0;0.000000;0;0.000000;0;0.000000;0;0.000000;0;0.000000;0;0.000000;0;0.000000;"2015-12-18 23:07:06.000"
"2015-12";3068322;3441566;0;0.000000;0;0.000000;0;0.000000;0;0.000000;0;0.000000;0;0.000000;12;0.000000;5;0.000000;0;0.000000;0;0.000000;0;0.000000;0;0.000000;0;0.000000;0;0.000000;0;0.000000;0;0.000000;0;0.000000;0;0.000000;"2015-12-30 21:18:52.000"
"2015-12";3090788;3460940;0;0.000000;0;0.000000;0;0.000000;0;0.000000;0;0.000000;0;0.000000;14;0.000000;1;0.000000;1;0.000000;0;0.000000;0;0.000000;0;0.000000;0;0.000000;0;0.000000;0;0.000000;0;0.000000;0;0.000000;0;0.000000;"2015-12-24 17:48:26.000"
"2015-12";3112072;3479643;0;0.000000;0;0.000000;0;0.000000;0;0.000000;0;0.000000;0;0.000000;29;0.000000;0;0.000000;1;0.000000;0;0.000000;0;0.000000;0;0.000000;0;0.000000;0;0.000000;0;0.000000;0;0.000000;0;0.000000;0;0.000000;"2015-12-26 20:37:20.000"
"2015-12";3130690;5023757;0;0.000000;0;0.000000;0;0.000000;0;0.000000;0;0.000000;0;0.000000;25;0.000000;12;1700.000000;2;0.000000;2;0.000000;0;0.000000;0;0.000000;0;0.000000;0;0.000000;0;0.000000;0;0.000000;0;0.000000;0;0.000000;"2015-12-31 09:50:34.000"
"2015-12";3145026;5038682;0;0.000000;0;0.000000;0;0.000000;0;0.000000;0;0.000000;0;0.000000;37;0.000000;0;0.000000;0;0.000000;0;0.000000;0;0.000000;0;0.000000;0;0.000000;0;0.000000;0;0.000000;0;0.000000;0;0.000000;0;0.000000;"2015-12-31 08:31:30.000"
"2015-12";3157617;5063534;0;0.000000;0;0.000000;0;0.000000;0;0.000000;0;0.000000;0;0.000000;148;0.000000;9;18750.000000;2;0.000000;2;0.000000;2;5000.000000;0;0.000000;0;0.000000;0;0.000000;0;0.000000;0;0.000000;0;0.000000;0;0.000000;"2015-12-30 10:11:13.000"
"2015-12";3167061;5077875;0;0.000000;0;0.000000;0;0.000000;0;0.000000;0;0.000000;0;0.000000;10;0.000000;0;0.000000;0;0.000000;0;0.000000;0;0.000000;0;0.000000;0;0.000000;0;0.000000;0;0.000000;0;0.000000;0;0.000000;0;0.000000;"2015-12-29 15:22:50.000"
"2015-12";3175795;5092670;0;0.000000;0;0.000000;0;0.000000;0;0.000000;0;0.000000;0;0.000000;12;0.000000;1;65500.000000;0;0.000000;0;0.000000;0;0.000000;0;0.000000;0;0.000000;0;0.000000;0;0.000000;0;0.000000;0;0.000000;0;0.000000;"2015-12-22 09:17:10.000"
"2015-12";3184009;5098779;0;0.000000;0;0.000000;0;0.000000;0;0.000000;0;0.000000;0;0.000000;37;0.000000;9;13600.000000;0;0.000000;0;0.000000;0;0.000000;0;0.000000;0;0.000000;0;0.000000;0;0.000000;0;0.000000;0;0.000000;0;0.000000;"2015-12-30 16:08:01.000"
"2015-12";3191861;5108876;0;0.000000;0;0.000000;0;0.000000;0;0.000000;0;0.000000;0;0.000000;7;0.000000;1;0.000000;0;0.000000;0;0.000000;0;0.000000;0;0.000000;0;0.000000;0;0.000000;0;0.000000;0;0.000000;0;0.000000;0;0.000000;"2015-12-27 18:43:46.000"
"2015-12";3199942;5123438;0;0.000000;0;0.000000;0;0.000000;0;0.000000;0;0.000000;0;0.000000;31;0.000000;0;0.000000;1;0.000000;0;0.000000;0;0.000000;0;0.000000;0;0.000000;0;0.000000;0;0.000000;0;0.000000;0;0.000000;0;0.000000;"2015-12-31 12:20:47.000"
"2015-12";3208088;5135451;0;0.000000;0;0.000000;0;0.000000;0;0.000000;0;0.000000;0;0.000000;29;0.000000;3;17487.000000;0;0.000000;0;0.000000;0;0.000000;0;0.000000;0;0.000000;0;0.000000;0;0.000000;0;0.000000;0;0.000000;0;0.000000;"2015-12-30 11:24:16.000"
"2015-12";3215603;5140843;0;0.000000;0;0.000000;0;0.000000;0;0.000000;0;0.000000;0;0.000000;6;0.000000;4;0.000000;0;0.000000;0;0.000000;0;0.000000;0;0.000000;0;0.000000;0;0.000000;0;0.000000;0;0.000000;0;0.000000;0;0.000000;"2015-12-23 22:27:56.000"
"2015-12";3223235;5154632;0;0.000000;0;0.000000;0;0.000000;0;0.000000;0;0.000000;0;0.000000;32;0.000000;9;100000.000000;0;0.000000;0;0.000000;0;0.000000;0;0.000000;0;0.000000;0;0.000000;0;0.000000;0;0.000000;0;0.000000;0;0.000000;"2015-12-31 12:40:59.000"
"2015-12";3230883;5166838;1;0.000000;0;0.000000;1;0.000000;0;0.000000;0;0.000000;0;0.000000;69;1650.000000;13;6214.570000;2;0.000000;0;0.000000;0;0.000000;0;0.000000;0;0.000000;0;0.000000;0;0.000000;0;0.000000;0;0.000000;0;0.000000;"2015-12-29 08:01:45.000"
"2015-12";3238498;5177606;0;0.000000;0;0.000000;0;0.000000;0;0.000000;0;0.000000;0;0.000000;20;0.000000;0;0.000000;0;0.000000;0;0.000000;0;0.000000;0;0.000000;0;0.000000;0;0.000000;0;0.000000;0;0.000000;0;0.000000;0;0.000000;"2015-12-23 17:15:57.000"
"2015-12";3246028;5185919;0;0.000000;0;0.000000;0;0.000000;0;0.000000;0;0.000000;0;0.000000;0;0.000000;0;0.000000;0;0.000000;2;0.000000;0;0.000000;0;0.000000;0;0.000000;0;0.000000;0;0.000000;0;0.000000;0;0.000000;0;0.000000;"2015-12-28 18:37:24.000"
"2015-12";3253580;5197356;0;0.000000;0;0.000000;0;0.000000;0;0.000000;0;0.000000;0;0.000000;49;0.000000;0;0.000000;0;0.000000;16;0.000000;1;4617.470000;0;0.000000;0;0.000000;0;0.000000;0;0.000000;0;0.000000;0;0.000000;0;0.000000;"2015-12-30 16:07:31.000"
"2015-12";3261125;5205623;0;0.000000;0;0.000000;0;0.000000;0;0.000000;0;0.000000;0;0.000000;148;0.000000;16;53114.470000;3;0.000000;1;0.000000;1;2300.000000;0;0.000000;0;0.000000;0;0.000000;0;0.000000;0;0.000000;0;0.000000;0;0.000000;"2015-12-30 11:15:04.000"
"2015-12";3269093;5214299;0;0.000000;0;0.000000;0;0.000000;0;0.000000;0;0.000000;0;0.000000;18;0.000000;1;3000.000000;0;0.000000;0;0.000000;0;0.000000;0;0.000000;0;0.000000;0;0.000000;0;0.000000;0;0.000000;0;0.000000;0;0.000000;"2015-12-23 11:54:13.000"
"2015-12";3277376;5228140;0;0.000000;0;0.000000;0;0.000000;0;0.000000;0;0.000000;0;0.000000;84;0.000000;14;2948.000000;0;0.000000;0;0.000000;0;0.000000;0;0.000000;0;0.000000;0;0.000000;0;0.000000;0;0.000000;0;0.000000;0;0.000000;"2015-12-31 10:57:31.000"
"2015-12";3286217;5242497;0;0.000000;0;0.000000;0;0.000000;0;0.000000;0;0.000000;0;0.000000;15;0.000000;0;0.000000;0;0.000000;0;0.000000;0;0.000000;0;0.000000;0;0.000000;0;0.000000;0;0.000000;0;0.000000;0;0.000000;0;0.000000;"2015-12-30 14:11:28.000"
"2015-12";3298407;5260283;0;0.000000;0;0.000000;0;0.000000;0;0.000000;0;0.000000;0;0.000000;8;0.000000;1;22448.780000;0;0.000000;1;0.000000;0;0.000000;0;0.000000;0;0.000000;0;0.000000;0;0.000000;0;0.000000;0;0.000000;0;0.000000;"2015-12-16 06:57:44.000"
"2015-12";3321762;5287917;0;0.000000;0;0.000000;0;0.000000;0;0.000000;0;0.000000;0;0.000000;0;0.000000;0;0.000000;0;0.000000;33;0.000000;7;14455.000000;0;0.000000;0;0.000000;0;0.000000;0;0.000000;0;0.000000;0;0.000000;0;0.000000;"2015-12-30 10:25:21.000"
"2015-12";3338452;5312930;0;0.000000;0;0.000000;0;0.000000;0;0.000000;0;0.000000;0;0.000000;8;0.000000;0;0.000000;2;0.000000;0;0.000000;0;0.000000;0;0.000000;0;0.000000;0;0.000000;1;0.000000;0;0.000000;0;0.000000;0;0.000000;"2015-12-01 12:43:48.000"
"2015-12";3349970;5331089;0;0.000000;0;0.000000;0;0.000000;0;0.000000;0;0.000000;0;0.000000;123;29095.000000;25;210177.740000;0;0.000000;0;0.000000;14;327684.670000;1;0.000000;0;0.000000;0;0.000000;0;0.000000;0;0.000000;0;0.000000;0;0.000000;"2015-12-31 08:29:25.000"
"2015-12";3360175;5344197;0;0.000000;0;0.000000;0;0.000000;0;0.000000;0;0.000000;0;0.000000;24;0.000000;0;0.000000;0;0.000000;4;0.000000;2;8000.000000;0;0.000000;0;0.000000;0;0.000000;0;0.000000;0;0.000000;0;0.000000;0;0.000000;"2015-12-30 10:33:47.000"
"2015-12";3370539;5358319;0;0.000000;0;0.000000;0;0.000000;0;0.000000;0;0.000000;0;0.000000;4;0.000000;0;0.000000;2;0.000000;0;0.000000;0;0.000000;0;0.000000;0;0.000000;0;0.000000;1;0.000000;0;0.000000;0;0.000000;0;0.000000;"2015-12-16 14:06:43.000"
"2015-12";3380376;5371781;0;0.000000;0;0.000000;0;0.000000;0;0.000000;0;0.000000;0;0.000000;20;0.000000;6;13000.000000;0;0.000000;0;0.000000;0;0.000000;0;0.000000;0;0.000000;0;0.000000;0;0.000000;0;0.000000;0;0.000000;0;0.000000;"2015-12-29 11:53:20.000"
"2015-12";3390201;5384455;4;0.000000;0;0.000000;6;0.000000;0;0.000000;0;0.000000;0;0.000000;124;0.000000;0;0.000000;0;0.000000;0;0.000000;0;0.000000;0;0.000000;0;0.000000;0;0.000000;0;0.000000;0;0.000000;0;0.000000;0;0.000000;"2015-12-30 08:18:14.000"
"2015-12";3399597;5397523;0;0.000000;0;0.000000;0;0.000000;0;0.000000;0;0.000000;0;0.000000;41;0.000000;7;0.000000;2;0.000000;0;0.000000;0;0.000000;0;0.000000;0;0.000000;0;0.000000;0;0.000000;0;0.000000;0;0.000000;0;0.000000;"2015-12-30 15:27:18.000"
"2015-12";3408410;5411430;0;0.000000;0;0.000000;0;0.000000;0;0.000000;0;0.000000;0;0.000000;20;0.000000;1;0.000000;0;0.000000;0;0.000000;0;0.000000;0;0.000000;0;0.000000;0;0.000000;0;0.000000;0;0.000000;0;0.000000;0;0.000000;"2015-12-31 10:55:09.000"
"2015-12";3416889;5424186;0;0.000000;0;0.000000;0;0.000000;0;0.000000;0;0.000000;0;0.000000;13;0.000000;0;0.000000;0;0.000000;1;0.000000;2;4200.000000;0;0.000000;0;0.000000;0;0.000000;0;0.000000;0;0.000000;0;0.000000;0;0.000000;"2015-12-31 08:20:09.000"
"2015-12";3425349;5431366;0;0.000000;0;0.000000;0;0.000000;0;0.000000;0;0.000000;0;0.000000;15;0.000000;6;0.000000;2;0.000000;0;0.000000;0;0.000000;0;0.000000;0;0.000000;0;0.000000;0;0.000000;0;0.000000;0;0.000000;0;0.000000;"2015-12-22 17:32:14.000"
"2015-12";3434112;5443746;0;0.000000;0;0.000000;0;0.000000;0;0.000000;0;0.000000;0;0.000000;3;0.000000;0;0.000000;0;0.000000;0;0.000000;0;0.000000;0;0.000000;0;0.000000;0;0.000000;0;0.000000;0;0.000000;0;0.000000;0;0.000000;"2015-12-29 23:46:53.000"
"2015-12";3447496;5480363;0;0.000000;0;0.000000;0;0.000000;0;0.000000;0;0.000000;0;0.000000;59;0.000000;10;0.000000;3;0.000000;0;0.000000;0;0.000000;0;0.000000;0;0.000000;0;0.000000;1;0.000000;0;0.000000;0;0.000000;0;0.000000;"2015-12-31 14:21:50.000"
"2015-12";3461865;5500740;0;0.000000;0;0.000000;0;0.000000;0;0.000000;0;0.000000;0;0.000000;26;0.000000;0;0.000000;0;0.000000;0;0.000000;0;0.000000;0;0.000000;0;0.000000;0;0.000000;0;0.000000;0;0.000000;0;0.000000;0;0.000000;"2015-12-31 17:02:13.000"
"2015-12";3487682;5354639;0;0.000000;0;0.000000;0;0.000000;0;0.000000;0;0.000000;0;0.000000;30;0.000000;1;300000.000000;4;0.000000;0;0.000000;0;0.000000;0;0.000000;0;0.000000;0;0.000000;0;0.000000;0;0.000000;0;0.000000;0;0.000000;"2015-12-30 08:56:53.000"
"2015-12";3498341;5236788;0;0.000000;0;0.000000;0;0.000000;0;0.000000;0;0.000000;0;0.000000;54;0.000000;1;2000.000000;2;0.000000;0;0.000000;0;0.000000;0;0.000000;0;0.000000;0;0.000000;0;0.000000;0;0.000000;0;0.000000;0;0.000000;"2015-12-31 15:59:23.000"
"2015-12";3508626;5238675;0;0.000000;0;0.000000;1;0.000000;0;0.000000;0;0.000000;0;0.000000;0;0.000000;0;0.000000;0;0.000000;0;0.000000;0;0.000000;0;0.000000;0;0.000000;0;0.000000;0;0.000000;0;0.000000;0;0.000000;0;0.000000;"2015-12-10 16:59:57.000"
"2015-12";3519968;5265490;0;0.000000;0;0.000000;2;0.000000;0;0.000000;0;0.000000;0;0.000000;0;0.000000;0;0.000000;0;0.000000;0;0.000000;0;0.000000;0;0.000000;0;0.000000;0;0.000000;1;0.000000;0;0.000000;0;0.000000;0;0.000000;"2015-12-28 11:35:53.000"
"2015-12";3530371;5413864;0;0.000000;0;0.000000;0;0.000000;0;0.000000;0;0.000000;0;0.000000;11;0.000000;0;0.000000;0;0.000000;0;0.000000;1;4770.000000;0;0.000000;0;0.000000;0;0.000000;0;0.000000;0;0.000000;0;0.000000;0;0.000000;"2015-12-30 07:53:14.000"
"2015-12";3540905;5297171;0;0.000000;0;0.000000;0;0.000000;0;0.000000;0;0.000000;0;0.000000;1;0.000000;1;0.000000;0;0.000000;0;0.000000;0;0.000000;0;0.000000;0;0.000000;0;0.000000;0;0.000000;0;0.000000;0;0.000000;0;0.000000;"2015-12-05 12:13:45.000"
"2015-12";3551639;5008731;0;0.000000;0;0.000000;0;0.000000;0;0.000000;0;0.000000;0;0.000000;53;0.000000;0;0.000000;6;0.000000;0;0.000000;0;0.000000;0;0.000000;0;0.000000;0;0.000000;0;0.000000;0;0.000000;0;0.000000;0;0.000000;"2015-12-30 15:43:42.000"
"2015-12";3562273;5236808;0;0.000000;0;0.000000;0;0.000000;0;0.000000;0;0.000000;0;0.000000;11;0.000000;0;0.000000;0;0.000000;0;0.000000;0;0.000000;0;0.000000;0;0.000000;0;0.000000;0;0.000000;0;0.000000;0;0.000000;0;0.000000;"2015-12-23 17:15:15.000"
"2015-12";3572432;5389781;0;0.000000;0;0.000000;0;0.000000;0;0.000000;0;0.000000;0;0.000000;5;0.000000;0;0.000000;0;0.000000;0;0.000000;0;0.000000;0;0.000000;0;0.000000;0;0.000000;0;0.000000;0;0.000000;0;0.000000;0;0.000000;"2015-12-06 16:28:51.000"
"2015-12";3582751;5444104;0;0.000000;0;0.000000;0;0.000000;0;0.000000;0;0.000000;0;0.000000;18;0.000000;1;1900.000000;0;0.000000;0;0.000000;0;0.000000;0;0.000000;0;0.000000;0;0.000000;0;0.000000;0;0.000000;0;0.000000;0;0.000000;"2015-12-29 14:03:43.000"
"2015-12";3616164;5526632;0;0.000000;0;0.000000;0;0.000000;0;0.000000;0;0.000000;0;0.000000;3;0.000000;0;0.000000;0;0.000000;0;0.000000;0;0.000000;0;0.000000;0;0.000000;0;0.000000;0;0.000000;0;0.000000;0;0.000000;0;0.000000;"2015-12-04 18:37:20.000"
"2015-12";3633454;5544281;0;0.000000;0;0.000000;1;0.000000;0;0.000000;0;0.000000;0;0.000000;25;0.000000;0;0.000000;3;0.000000;0;0.000000;0;0.000000;0;0.000000;0;0.000000;0;0.000000;2;0.000000;0;0.000000;0;0.000000;0;0.000000;"2015-12-31 07:58:26.000"
"2015-12";3648222;5559791;0;0.000000;0;0.000000;0;0.000000;0;0.000000;0;0.000000;0;0.000000;39;0.000000;10;0.000000;0;0.000000;0;0.000000;0;0.000000;0;0.000000;0;0.000000;0;0.000000;0;0.000000;0;0.000000;0;0.000000;0;0.000000;"2015-12-29 15:03:26.000"
"2015-12";3660183;5571286;0;0.000000;0;0.000000;0;0.000000;0;0.000000;0;0.000000;0;0.000000;16;0.000000;0;0.000000;0;0.000000;0;0.000000;0;0.000000;0;0.000000;0;0.000000;0;0.000000;0;0.000000;0;0.000000;0;0.000000;0;0.000000;"2015-12-26 09:59:39.000"
"2015-12";3686653;5594377;0;0.000000;0;0.000000;0;0.000000;0;0.000000;0;0.000000;0;0.000000;59;0.000000;0;0.000000;1;0.000000;0;0.000000;0;0.000000;0;0.000000;0;0.000000;0;0.000000;0;0.000000;0;0.000000;0;0.000000;0;0.000000;"2015-12-28 11:06:38.000"
"2015-12";3711765;5622868;0;0.000000;0;0.000000;0;0.000000;0;0.000000;0;0.000000;0;0.000000;29;0.000000;9;11500.000000;0;0.000000;0;0.000000;0;0.000000;0;0.000000;0;0.000000;0;0.000000;0;0.000000;0;0.000000;0;0.000000;0;0.000000;"2015-12-30 10:35:05.000"
"2015-12";3798898;5731026;0;0.000000;0;0.000000;0;0.000000;0;0.000000;0;0.000000;0;0.000000;39;0.000000;2;0.000000;0;0.000000;0;0.000000;0;0.000000;0;0.000000;0;0.000000;0;0.000000;0;0.000000;0;0.000000;0;0.000000;0;0.000000;"2015-12-24 06:56:03.000"
"2015-12";3888761;5800042;0;0.000000;0;0.000000;0;0.000000;0;0.000000;0;0.000000;0;0.000000;21;0.000000;1;0.000000;0;0.000000;0;0.000000;0;0.000000;0;0.000000;0;0.000000;0;0.000000;0;0.000000;0;0.000000;0;0.000000;0;0.000000;"2015-12-28 19:05:59.000"
"2015-12";3921416;5832948;0;0.000000;0;0.000000;0;0.000000;0;0.000000;0;0.000000;0;0.000000;10;0.000000;0;0.000000;0;0.000000;0;0.000000;0;0.000000;0;0.000000;0;0.000000;0;0.000000;0;0.000000;0;0.000000;0;0.000000;0;0.000000;"2015-12-19 13:53:00.000"
"2015-12";3949791;5861475;0;0.000000;0;0.000000;0;0.000000;0;0.000000;0;0.000000;0;0.000000;24;0.000000;3;0.000000;1;0.000000;0;0.000000;0;0.000000;0;0.000000;0;0.000000;0;0.000000;0;0.000000;0;0.000000;0;0.000000;0;0.000000;"2015-12-28 11:56:32.000"
"2015-12";3972898;5884050;0;0.000000;0;0.000000;2;0.000000;0;0.000000;0;0.000000;0;0.000000;26;0.000000;1;720.000000;1;0.000000;0;0.000000;0;0.000000;0;0.000000;0;0.000000;0;0.000000;1;0.000000;0;0.000000;0;0.000000;0;0.000000;"2015-12-30 16:24:11.000"
"2015-12";3994089;5906066;0;0.000000;0;0.000000;0;0.000000;0;0.000000;0;0.000000;0;0.000000;22;0.000000;1;32000.000000;0;0.000000;0;0.000000;0;0.000000;0;0.000000;0;0.000000;0;0.000000;0;0.000000;0;0.000000;0;0.000000;0;0.000000;"2015-12-29 08:29:38.000"
"2015-12";4008215;5920438;0;0.000000;0;0.000000;0;0.000000;0;0.000000;0;0.000000;0;0.000000;23;0.000000;0;0.000000;0;0.000000;0;0.000000;0;0.000000;0;0.000000;0;0.000000;0;0.000000;0;0.000000;0;0.000000;0;0.000000;0;0.000000;"2015-12-30 10:14:10.000"
"2015-12";4026764;5938948;0;0.000000;0;0.000000;0;0.000000;0;0.000000;0;0.000000;0;0.000000;12;0.000000;0;0.000000;0;0.000000;0;0.000000;0;0.000000;0;0.000000;0;0.000000;0;0.000000;0;0.000000;0;0.000000;0;0.000000;0;0.000000;"2015-12-29 15:52:22.000"
"2015-12";4050481;5962772;0;0.000000;0;0.000000;0;0.000000;0;0.000000;0;0.000000;0;0.000000;27;0.000000;5;0.000000;1;0.000000;0;0.000000;0;0.000000;0;0.000000;0;0.000000;0;0.000000;0;0.000000;0;0.000000;0;0.000000;0;0.000000;"2015-12-31 14:51:27.000"
"2015-12";4063229;5975727;2;0.000000;1;2736.520000;1;0.000000;0;0.000000;0;0.000000;0;0.000000;0;0.000000;0;0.000000;0;0.000000;0;0.000000;0;0.000000;0;0.000000;0;0.000000;0;0.000000;0;0.000000;0;0.000000;0;0.000000;0;0.000000;"2015-12-09 18:47:29.000"
"2015-12";4079510;5992060;0;0.000000;0;0.000000;0;0.000000;0;0.000000;0;0.000000;0;0.000000;5;0.000000;0;0.000000;1;0.000000;0;0.000000;0;0.000000;0;0.000000;0;0.000000;0;0.000000;0;0.000000;0;0.000000;0;0.000000;0;0.000000;"2015-12-29 11:39:23.000"
"2015-12";4093064;6005548;0;0.000000;0;0.000000;0;0.000000;0;0.000000;0;0.000000;0;0.000000;150;0.000000;18;552.060000;2;0.000000;0;0.000000;0;0.000000;0;0.000000;0;0.000000;0;0.000000;0;0.000000;0;0.000000;0;0.000000;0;0.000000;"2015-12-30 15:39:51.000"
"2015-12";4110419;6022829;0;0.000000;0;0.000000;0;0.000000;0;0.000000;0;0.000000;0;0.000000;9;0.000000;0;0.000000;0;0.000000;0;0.000000;0;0.000000;0;0.000000;0;0.000000;0;0.000000;0;0.000000;0;0.000000;0;0.000000;0;0.000000;"2015-12-23 07:39:57.000"
"2015-12";4129317;6042167;0;0.000000;0;0.000000;0;0.000000;0;0.000000;0;0.000000;0;0.000000;1;0.000000;0;0.000000;0;0.000000;0;0.000000;0;0.000000;0;0.000000;0;0.000000;0;0.000000;0;0.000000;0;0.000000;0;0.000000;0;0.000000;"2015-12-28 09:14:02.000"
"2015-12";4143841;6056517;0;0.000000;0;0.000000;0;0.000000;0;0.000000;0;0.000000;0;0.000000;127;0.000000;3;400.000000;0;0.000000;0;0.000000;0;0.000000;0;0.000000;0;0.000000;0;0.000000;0;0.000000;0;0.000000;0;0.000000;0;0.000000;"2015-12-31 08:27:29.000"
"2015-12";4161052;6074473;0;0.000000;0;0.000000;0;0.000000;0;0.000000;0;0.000000;0;0.000000;50;0.000000;0;0.000000;0;0.000000;0;0.000000;0;0.000000;0;0.000000;0;0.000000;0;0.000000;0;0.000000;0;0.000000;0;0.000000;0;0.000000;"2015-12-31 08:14:54.000"
"2015-12";4177557;6090800;0;0.000000;0;0.000000;0;0.000000;0;0.000000;0;0.000000;0;0.000000;9;0.000000;1;0.000000;0;0.000000;0;0.000000;0;0.000000;0;0.000000;0;0.000000;0;0.000000;0;0.000000;0;0.000000;0;0.000000;0;0.000000;"2015-12-21 14:01:07.000"
"2015-12";4196059;6109101;0;0.000000;0;0.000000;0;0.000000;0;0.000000;0;0.000000;0;0.000000;14;0.000000;1;0.000000;4;0.000000;0;0.000000;0;0.000000;0;0.000000;0;0.000000;0;0.000000;0;0.000000;0;0.000000;0;0.000000;0;0.000000;"2015-12-31 12:16:26.000"
"2015-12";4221799;6140263;0;0.000000;0;0.000000;0;0.000000;0;0.000000;0;0.000000;0;0.000000;5;0.000000;5;0.000000;0;0.000000;0;0.000000;0;0.000000;0;0.000000;0;0.000000;0;0.000000;0;0.000000;0;0.000000;0;0.000000;0;0.000000;"2015-12-28 11:33:36.000"
"2015-12";4242920;6161611;0;0.000000;0;0.000000;0;0.000000;0;0.000000;0;0.000000;0;0.000000;6;0.000000;0;0.000000;2;0.000000;0;0.000000;0;0.000000;0;0.000000;0;0.000000;0;0.000000;0;0.000000;0;0.000000;0;0.000000;0;0.000000;"2015-12-27 16:04:34.000"
"2015-12";4253823;6164441;0;0.000000;0;0.000000;0;0.000000;0;0.000000;0;0.000000;0;0.000000;9;0.000000;0;0.000000;0;0.000000;0;0.000000;0;0.000000;0;0.000000;0;0.000000;0;0.000000;0;0.000000;0;0.000000;0;0.000000;0;0.000000;"2015-12-25 14:56:22.000"
"2015-12";4268242;6185064;2;0.000000;0;0.000000;4;0.000000;0;0.000000;0;0.000000;0;0.000000;35;0.000000;0;0.000000;0;0.000000;0;0.000000;0;0.000000;0;0.000000;0;0.000000;0;0.000000;0;0.000000;0;0.000000;0;0.000000;0;0.000000;"2015-12-30 18:26:15.000"
"2015-12";4292456;6215808;3;0.000000;0;0.000000;2;0.000000;0;0.000000;0;0.000000;0;0.000000;28;0.000000;5;26086.240000;4;0.000000;0;0.000000;0;0.000000;0;0.000000;0;0.000000;0;0.000000;0;0.000000;0;0.000000;0;0.000000;0;0.000000;"2015-12-28 11:08:46.000"
"2015-12";4325867;6265122;0;0.000000;0;0.000000;0;0.000000;0;0.000000;0;0.000000;0;0.000000;10;0.000000;0;0.000000;0;0.000000;0;0.000000;0;0.000000;0;0.000000;0;0.000000;0;0.000000;0;0.000000;0;0.000000;0;0.000000;0;0.000000;"2015-12-29 15:11:39.000"
"2015-12";4355887;6301876;0;0.000000;0;0.000000;1;0.000000;0;0.000000;0;0.000000;0;0.000000;0;0.000000;0;0.000000;0;0.000000;0;0.000000;0;0.000000;0;0.000000;0;0.000000;0;0.000000;0;0.000000;0;0.000000;0;0.000000;0;0.000000;"2015-12-16 12:30:09.000"
"2015-12";4391192;6336674;0;0.000000;0;0.000000;0;0.000000;0;0.000000;0;0.000000;0;0.000000;3;0.000000;0;0.000000;0;0.000000;0;0.000000;1;10680.000000;0;0.000000;0;0.000000;0;0.000000;0;0.000000;0;0.000000;0;0.000000;0;0.000000;"2015-12-28 16:59:21.000"
"2015-12";4423583;6403346;1;0.000000;0;0.000000;1;0.000000;0;0.000000;0;0.000000;0;0.000000;19;0.000000;0;0.000000;0;0.000000;0;0.000000;0;0.000000;0;0.000000;0;0.000000;0;0.000000;0;0.000000;0;0.000000;0;0.000000;0;0.000000;"2015-12-23 13:10:22.000"
"2015-12";4456228;6451217;0;0.000000;0;0.000000;0;0.000000;0;0.000000;0;0.000000;0;0.000000;115;0.000000;0;0.000000;1;0.000000;0;0.000000;0;0.000000;0;0.000000;0;0.000000;0;0.000000;0;0.000000;0;0.000000;0;0.000000;0;0.000000;"2015-12-30 16:03:09.000"
"2015-12";4492186;6497425;0;0.000000;0;0.000000;0;0.000000;0;0.000000;0;0.000000;0;0.000000;10;0.000000;0;0.000000;1;0.000000;0;0.000000;0;0.000000;0;0.000000;0;0.000000;0;0.000000;0;0.000000;0;0.000000;0;0.000000;0;0.000000;"2015-12-27 11:05:26.000"
"2015-12";4516963;6543216;0;0.000000;0;0.000000;0;0.000000;0;0.000000;0;0.000000;0;0.000000;40;0.000000;4;0.000000;0;0.000000;0;0.000000;0;0.000000;0;0.000000;0;0.000000;0;0.000000;0;0.000000;0;0.000000;0;0.000000;0;0.000000;"2015-12-29 10:40:48.000"
"2015-12";4532996;6560501;0;0.000000;0;0.000000;0;0.000000;0;0.000000;0;0.000000;0;0.000000;22;0.000000;1;0.000000;0;0.000000;0;0.000000;0;0.000000;0;0.000000;0;0.000000;0;0.000000;0;0.000000;0;0.000000;0;0.000000;0;0.000000;"2015-12-30 08:13:13.000"
"2015-12";4548238;6576688;0;0.000000;0;0.000000;0;0.000000;0;0.000000;0;0.000000;0;0.000000;26;0.000000;0;0.000000;0;0.000000;0;0.000000;0;0.000000;0;0.000000;0;0.000000;0;0.000000;0;0.000000;0;0.000000;0;0.000000;0;0.000000;"2015-12-30 11:59:01.000"
"2015-12";4560446;6460505;0;0.000000;0;0.000000;0;0.000000;0;0.000000;0;0.000000;0;0.000000;29;0.000000;0;0.000000;0;0.000000;0;0.000000;0;0.000000;0;0.000000;0;0.000000;0;0.000000;0;0.000000;0;0.000000;0;0.000000;0;0.000000;"2015-12-27 23:08:10.000"
"2015-12";4700026;6232747;0;0.000000;0;0.000000;0;0.000000;0;0.000000;0;0.000000;0;0.000000;17;0.000000;0;0.000000;0;0.000000;0;0.000000;0;0.000000;0;0.000000;0;0.000000;0;0.000000;0;0.000000;0;0.000000;0;0.000000;0;0.000000;"2015-12-18 14:52:14.000"
"2015-12";4719651;6617884;0;0.000000;0;0.000000;0;0.000000;0;0.000000;0;0.000000;0;0.000000;35;0.000000;3;8790.000000;0;0.000000;0;0.000000;0;0.000000;0;0.000000;0;0.000000;0;0.000000;0;0.000000;0;0.000000;0;0.000000;0;0.000000;"2015-12-11 11:46:23.000"
"2015-12";4739725;6638038;0;0.000000;0;0.000000;0;0.000000;0;0.000000;0;0.000000;0;0.000000;2;0.000000;2;0.000000;0;0.000000;0;0.000000;0;0.000000;0;0.000000;0;0.000000;0;0.000000;0;0.000000;0;0.000000;0;0.000000;0;0.000000;"2015-12-20 15:09:32.000"
"2015-12";5311702;6657707;0;0.000000;0;0.000000;0;0.000000;0;0.000000;0;0.000000;0;0.000000;17;0.000000;0;0.000000;0;0.000000;0;0.000000;0;0.000000;0;0.000000;0;0.000000;0;0.000000;0;0.000000;0;0.000000;0;0.000000;0;0.000000;"2015-12-29 15:27:56.000"
"2015-12";5344652;6685469;0;0.000000;0;0.000000;0;0.000000;0;0.000000;0;0.000000;0;0.000000;157;0.000000;3;0.000000;0;0.000000;0;0.000000;0;0.000000;0;0.000000;0;0.000000;0;0.000000;0;0.000000;0;0.000000;0;0.000000;0;0.000000;"2015-12-30 13:33:28.000"
"2015-12";5360327;6698838;0;0.000000;0;0.000000;0;0.000000;0;0.000000;0;0.000000;0;0.000000;21;0.000000;3;2842.000000;1;0.000000;0;0.000000;0;0.000000;0;0.000000;0;0.000000;0;0.000000;0;0.000000;0;0.000000;0;0.000000;0;0.000000;"2015-12-23 23:07:59.000"
"2015-12";5378377;6715066;0;0.000000;0;0.000000;0;0.000000;0;0.000000;0;0.000000;0;0.000000;53;0.000000;0;0.000000;0;0.000000;0;0.000000;0;0.000000;0;0.000000;0;0.000000;0;0.000000;0;0.000000;0;0.000000;0;0.000000;0;0.000000;"2015-12-26 02:50:41.000"
"2015-12";5391636;6727216;0;0.000000;0;0.000000;0;0.000000;0;0.000000;0;0.000000;0;0.000000;15;0.000000;5;200.000000;1;0.000000;0;0.000000;0;0.000000;0;0.000000;0;0.000000;0;0.000000;0;0.000000;0;0.000000;0;0.000000;0;0.000000;"2015-12-31 12:23:09.000"
"2015-12";5413688;6746322;0;0.000000;0;0.000000;0;0.000000;0;0.000000;0;0.000000;0;0.000000;6;0.000000;0;0.000000;0;0.000000;0;0.000000;0;0.000000;0;0.000000;0;0.000000;0;0.000000;0;0.000000;0;0.000000;0;0.000000;0;0.000000;"2015-12-18 09:26:16.000"
"2015-12";5447231;6777181;0;0.000000;0;0.000000;0;0.000000;0;0.000000;0;0.000000;0;0.000000;17;0.000000;2;0.000000;0;0.000000;0;0.000000;0;0.000000;0;0.000000;0;0.000000;0;0.000000;0;0.000000;0;0.000000;0;0.000000;0;0.000000;"2015-12-24 10:51:38.000"
"2015-12";5467257;6794576;0;0.000000;0;0.000000;0;0.000000;18;0.000000;0;0.000000;0;0.000000;48;0.000000;1;1500.000000;0;0.000000;0;0.000000;0;0.000000;0;0.000000;0;0.000000;0;0.000000;0;0.000000;0;0.000000;0;0.000000;0;0.000000;"2015-12-30 09:44:54.000"
"2015-12";5489135;6814111;0;0.000000;0;0.000000;0;0.000000;0;0.000000;0;0.000000;0;0.000000;63;0.000000;0;0.000000;0;0.000000;0;0.000000;0;0.000000;0;0.000000;0;0.000000;0;0.000000;0;0.000000;0;0.000000;0;0.000000;0;0.000000;"2015-12-29 12:06:44.000"
"2015-12";5507056;6829127;0;0.000000;0;0.000000;0;0.000000;0;0.000000;0;0.000000;0;0.000000;3;0.000000;0;0.000000;0;0.000000;0;0.000000;0;0.000000;0;0.000000;0;0.000000;0;0.000000;0;0.000000;0;0.000000;0;0.000000;0;0.000000;"2015-12-09 12:05:35.000"
"2015-12";5524743;6845298;0;0.000000;0;0.000000;0;0.000000;0;0.000000;0;0.000000;0;0.000000;37;0.000000;0;0.000000;3;0.000000;0;0.000000;0;0.000000;0;0.000000;0;0.000000;0;0.000000;0;0.000000;0;0.000000;0;0.000000;0;0.000000;"2015-12-29 13:40:03.000"
"2015-12";5546047;6862580;0;0.000000;0;0.000000;0;0.000000;0;0.000000;0;0.000000;0;0.000000;5;0.000000;3;9124.130000;2;0.000000;0;0.000000;0;0.000000;0;0.000000;0;0.000000;0;0.000000;1;0.000000;0;0.000000;0;0.000000;0;0.000000;"2015-12-22 10:33:29.000"
"2015-12";5564941;6880678;0;0.000000;0;0.000000;0;0.000000;21;0.000000;0;0.000000;0;0.000000;0;0.000000;0;0.000000;0;0.000000;0;0.000000;0;0.000000;0;0.000000;0;0.000000;0;0.000000;0;0.000000;0;0.000000;0;0.000000;0;0.000000;"2015-12-30 01:53:07.000"
"2015-12";5587072;6901605;0;0.000000;0;0.000000;0;0.000000;0;0.000000;0;0.000000;0;0.000000;21;0.000000;13;0.000000;0;0.000000;0;0.000000;0;0.000000;0;0.000000;0;0.000000;0;0.000000;0;0.000000;0;0.000000;0;0.000000;0;0.000000;"2015-12-31 13:47:18.000"
"2015-12";5606783;6918334;0;0.000000;0;0.000000;0;0.000000;0;0.000000;0;0.000000;0;0.000000;19;0.000000;0;0.000000;0;0.000000;0;0.000000;0;0.000000;0;0.000000;0;0.000000;0;0.000000;0;0.000000;0;0.000000;0;0.000000;0;0.000000;"2015-12-18 14:14:42.000"
"2015-12";5625394;6934630;0;0.000000;0;0.000000;0;0.000000;0;0.000000;0;0.000000;0;0.000000;37;0.000000;1;0.000000;0;0.000000;3;0.000000;2;690.000000;0;0.000000;0;0.000000;0;0.000000;0;0.000000;0;0.000000;0;0.000000;0;0.000000;"2015-12-23 12:50:41.000"
"2015-12";5646838;6953929;0;0.000000;0;0.000000;0;0.000000;0;0.000000;0;0.000000;0;0.000000;2;0.000000;0;0.000000;0;0.000000;4;0.000000;4;8500.000000;0;0.000000;0;0.000000;0;0.000000;0;0.000000;0;0.000000;0;0.000000;0;0.000000;"2015-12-24 00:54:10.000"
"2015-12";5671681;6971810;0;0.000000;0;0.000000;0;0.000000;0;0.000000;0;0.000000;0;0.000000;8;0.000000;1;6500.000000;1;0.000000;0;0.000000;0;0.000000;0;0.000000;0;0.000000;0;0.000000;0;0.000000;0;0.000000;0;0.000000;0;0.000000;"2015-12-30 18:55:02.000"
"2015-12";5748327;7052770;0;0.000000;0;0.000000;0;0.000000;0;0.000000;0;0.000000;0;0.000000;17;0.000000;7;5205.000000;1;0.000000;0;0.000000;0;0.000000;0;0.000000;0;0.000000;0;0.000000;0;0.000000;0;0.000000;0;0.000000;0;0.000000;"2015-12-27 14:20:44.000"
"2015-12";5844252;7094114;0;0.000000;0;0.000000;0;0.000000;0;0.000000;0;0.000000;0;0.000000;25;0.000000;3;0.000000;0;0.000000;0;0.000000;0;0.000000;0;0.000000;0;0.000000;0;0.000000;0;0.000000;0;0.000000;0;0.000000;0;0.000000;"2015-12-29 12:11:19.000"
"2015-12";5869674;7117640;0;0.000000;0;0.000000;0;0.000000;0;0.000000;0;0.000000;0;0.000000;17;0.000000;0;0.000000;0;0.000000;0;0.000000;0;0.000000;0;0.000000;0;0.000000;0;0.000000;0;0.000000;0;0.000000;0;0.000000;0;0.000000;"2015-12-27 10:46:20.000"
"2015-12";5887070;7132255;0;0.000000;0;0.000000;0;0.000000;0;0.000000;0;0.000000;0;0.000000;6;0.000000;0;0.000000;0;0.000000;0;0.000000;0;0.000000;0;0.000000;0;0.000000;0;0.000000;0;0.000000;0;0.000000;0;0.000000;0;0.000000;"2015-12-24 10:31:32.000"
"2015-12";5906703;7148880;0;0.000000;0;0.000000;0;0.000000;0;0.000000;0;0.000000;0;0.000000;42;0.000000;0;0.000000;0;0.000000;0;0.000000;0;0.000000;0;0.000000;0;0.000000;0;0.000000;0;0.000000;0;0.000000;0;0.000000;0;0.000000;"2015-12-27 17:06:37.000"
"2015-12";5957137;7197723;0;0.000000;0;0.000000;0;0.000000;0;0.000000;0;0.000000;0;0.000000;16;0.000000;0;0.000000;0;0.000000;0;0.000000;2;3200.000000;0;0.000000;0;0.000000;0;0.000000;0;0.000000;0;0.000000;0;0.000000;0;0.000000;"2015-12-29 15:34:38.000"
"2015-12";5975811;7214789;0;0.000000;0;0.000000;0;0.000000;2;0.000000;0;0.000000;0;0.000000;44;0.000000;2;0.000000;0;0.000000;0;0.000000;0;0.000000;0;0.000000;0;0.000000;0;0.000000;0;0.000000;0;0.000000;0;0.000000;0;0.000000;"2015-12-30 21:56:08.000"
"2015-12";5994644;7231554;0;0.000000;0;0.000000;0;0.000000;0;0.000000;0;0.000000;0;0.000000;9;0.000000;0;0.000000;0;0.000000;0;0.000000;1;2000.000000;0;0.000000;0;0.000000;0;0.000000;0;0.000000;0;0.000000;0;0.000000;0;0.000000;"2015-12-28 17:42:32.000"
"2015-12";6012721;7247144;0;0.000000;0;0.000000;0;0.000000;0;0.000000;0;0.000000;0;0.000000;25;0.000000;2;100735.010000;0;0.000000;0;0.000000;0;0.000000;0;0.000000;0;0.000000;0;0.000000;0;0.000000;0;0.000000;0;0.000000;0;0.000000;"2015-12-29 07:50:06.000"
"2015-12";6033162;7265175;0;0.000000;0;0.000000;0;0.000000;0;0.000000;0;0.000000;0;0.000000;59;0.000000;4;4639.000000;1;0.000000;0;0.000000;0;0.000000;0;0.000000;0;0.000000;0;0.000000;0;0.000000;0;0.000000;0;0.000000;0;0.000000;"2015-12-27 02:22:38.000"
"2015-12";6052018;7280688;0;0.000000;0;0.000000;0;0.000000;0;0.000000;0;0.000000;0;0.000000;0;0.000000;0;0.000000;0;0.000000;0;0.000000;0;0.000000;0;0.000000;0;0.000000;0;0.000000;0;0.000000;0;0.000000;0;0.000000;0;0.000000;"2015-12-31 10:51:23.000"
"2015-12";6069502;7296276;0;0.000000;0;0.000000;0;0.000000;0;0.000000;0;0.000000;0;0.000000;92;0.000000;0;0.000000;0;0.000000;0;0.000000;0;0.000000;0;0.000000;0;0.000000;0;0.000000;0;0.000000;0;0.000000;0;0.000000;0;0.000000;"2015-12-31 11:51:39.000"
"2015-12";6090077;7313892;0;0.000000;0;0.000000;0;0.000000;0;0.000000;0;0.000000;0;0.000000;6;0.000000;3;6330.000000;0;0.000000;0;0.000000;0;0.000000;0;0.000000;0;0.000000;0;0.000000;0;0.000000;0;0.000000;0;0.000000;0;0.000000;"2015-12-28 11:44:49.000"
"2015-12";6106086;7327868;0;0.000000;0;0.000000;0;0.000000;0;0.000000;0;0.000000;0;0.000000;418;460.000000;33;38054.000000;1;0.000000;0;0.000000;7;23716.000000;0;0.000000;0;0.000000;0;0.000000;0;0.000000;0;0.000000;0;0.000000;0;0.000000;"2015-12-31 11:59:17.000"
"2015-12";6125893;7344733;0;0.000000;0;0.000000;0;0.000000;0;0.000000;0;0.000000;0;0.000000;46;0.000000;2;0.000000;1;0.000000;0;0.000000;0;0.000000;0;0.000000;0;0.000000;0;0.000000;0;0.000000;0;0.000000;0;0.000000;0;0.000000;"2015-12-31 04:49:48.000"
"2015-12";6147745;7364675;0;0.000000;0;0.000000;2;0.000000;0;0.000000;0;0.000000;0;0.000000;0;0.000000;0;0.000000;0;0.000000;0;0.000000;0;0.000000;0;0.000000;0;0.000000;0;0.000000;0;0.000000;0;0.000000;0;0.000000;0;0.000000;"2015-12-30 15:35:22.000"
"2015-12";6163700;7378779;2;0.000000;0;0.000000;5;0.000000;0;0.000000;0;0.000000;1;0.000000;0;0.000000;0;0.000000;0;0.000000;0;0.000000;0;0.000000;0;0.000000;0;0.000000;0;0.000000;0;0.000000;0;0.000000;0;0.000000;0;0.000000;"2015-12-04 11:11:15.000"
"2015-12";6182241;7395212;0;0.000000;0;0.000000;2;0.000000;0;0.000000;0;0.000000;0;0.000000;0;0.000000;0;0.000000;0;0.000000;0;0.000000;0;0.000000;0;0.000000;0;0.000000;0;0.000000;0;0.000000;0;0.000000;0;0.000000;0;0.000000;"2015-12-31 14:57:05.000"
"2015-12";6200779;7412691;0;0.000000;0;0.000000;0;0.000000;0;0.000000;0;0.000000;0;0.000000;22;4260.000000;6;39157.000000;2;0.000000;0;0.000000;0;0.000000;0;0.000000;0;0.000000;0;0.000000;0;0.000000;0;0.000000;0;0.000000;0;0.000000;"2015-12-24 10:49:34.000"
"2015-12";6217277;7426767;1;0.000000;0;0.000000;1;0.000000;0;0.000000;0;0.000000;0;0.000000;0;0.000000;0;0.000000;0;0.000000;2;0.000000;0;0.000000;1;0.000000;0;0.000000;0;0.000000;0;0.000000;0;0.000000;0;0.000000;2;0.000000;"2015-12-15 12:59:32.000"
"2015-12";6238164;7444977;0;0.000000;0;0.000000;0;0.000000;0;0.000000;0;0.000000;0;0.000000;33;0.000000;14;0.000000;0;0.000000;0;0.000000;0;0.000000;0;0.000000;0;0.000000;0;0.000000;0;0.000000;0;0.000000;0;0.000000;0;0.000000;"2015-12-31 20:08:44.000"
"2015-12";6259015;7464077;0;0.000000;0;0.000000;0;0.000000;0;0.000000;0;0.000000;0;0.000000;0;0.000000;0;0.000000;0;0.000000;0;0.000000;0;0.000000;0;0.000000;0;0.000000;0;0.000000;0;0.000000;0;0.000000;0;0.000000;0;0.000000;"2015-12-02 19:27:55.000"
"2015-12";6273082;7477211;0;0.000000;0;0.000000;0;0.000000;0;0.000000;0;0.000000;0;0.000000;3;0.000000;0;0.000000;0;0.000000;0;0.000000;0;0.000000;0;0.000000;0;0.000000;0;0.000000;0;0.000000;0;0.000000;0;0.000000;0;0.000000;"2015-12-17 22:26:01.000"
"2015-12";6287144;7489351;0;0.000000;0;0.000000;0;0.000000;7;0.000000;0;0.000000;0;0.000000;0;0.000000;0;0.000000;0;0.000000;0;0.000000;0;0.000000;0;0.000000;0;0.000000;0;0.000000;0;0.000000;0;0.000000;0;0.000000;0;0.000000;"2015-12-28 09:25:35.000"
"2015-12";6306338;7506775;0;0.000000;0;0.000000;0;0.000000;0;0.000000;0;0.000000;0;0.000000;11;0.000000;7;0.000000;0;0.000000;0;0.000000;0;0.000000;0;0.000000;0;0.000000;0;0.000000;0;0.000000;0;0.000000;0;0.000000;0;0.000000;"2015-12-25 14:43:04.000"
"2015-12";6322547;7520143;0;0.000000;0;0.000000;0;0.000000;0;0.000000;0;0.000000;0;0.000000;17;0.000000;7;5754.800000;0;0.000000;0;0.000000;0;0.000000;0;0.000000;0;0.000000;0;0.000000;0;0.000000;0;0.000000;0;0.000000;0;0.000000;"2015-12-19 20:32:11.000"
"2015-12";6343670;7538757;0;0.000000;0;0.000000;0;0.000000;0;0.000000;0;0.000000;0;0.000000;25;0.000000;0;0.000000;0;0.000000;0;0.000000;0;0.000000;0;0.000000;0;0.000000;0;0.000000;0;0.000000;0;0.000000;0;0.000000;0;0.000000;"2015-12-28 19:01:40.000"
"2015-12";6360515;7553903;1;0.000000;0;0.000000;1;0.000000;0;0.000000;0;0.000000;0;0.000000;0;0.000000;0;0.000000;0;0.000000;0;0.000000;0;0.000000;0;0.000000;0;0.000000;0;0.000000;0;0.000000;0;0.000000;0;0.000000;0;0.000000;"2015-12-29 12:15:45.000"
"2015-12";6381549;7573102;0;0.000000;0;0.000000;0;0.000000;0;0.000000;0;0.000000;0;0.000000;15;0.000000;2;33950.000000;0;0.000000;0;0.000000;1;4000.000000;0;0.000000;0;0.000000;0;0.000000;0;0.000000;0;0.000000;0;0.000000;0;0.000000;"2015-12-10 07:49:52.000"
"2015-12";6400647;7590878;0;0.000000;0;0.000000;1;0.000000;0;0.000000;0;0.000000;0;0.000000;1;0.000000;0;0.000000;0;0.000000;0;0.000000;0;0.000000;0;0.000000;0;0.000000;0;0.000000;0;0.000000;0;0.000000;0;0.000000;0;0.000000;"2015-12-04 12:00:31.000"
"2015-12";6418925;7606465;0;0.000000;0;0.000000;0;0.000000;0;0.000000;0;0.000000;0;0.000000;91;0.000000;0;0.000000;0;0.000000;0;0.000000;0;0.000000;0;0.000000;0;0.000000;0;0.000000;0;0.000000;0;0.000000;0;0.000000;0;0.000000;"2015-12-30 22:07:35.000"
"2015-12";6438107;7622842;0;0.000000;0;0.000000;0;0.000000;0;0.000000;0;0.000000;0;0.000000;169;0.000000;13;22577.030000;1;0.000000;0;0.000000;1;21271.800000;0;0.000000;0;0.000000;0;0.000000;0;0.000000;0;0.000000;0;0.000000;0;0.000000;"2015-12-31 18:01:45.000"
"2015-12";6481395;7657052;0;0.000000;0;0.000000;1;0.000000;0;0.000000;0;0.000000;0;0.000000;0;0.000000;0;0.000000;0;0.000000;0;0.000000;0;0.000000;0;0.000000;0;0.000000;0;0.000000;0;0.000000;0;0.000000;0;0.000000;0;0.000000;"2015-12-16 08:52:06.000"
"2015-12";6506851;7678243;0;0.000000;0;0.000000;0;0.000000;0;0.000000;0;0.000000;0;0.000000;32;0.000000;17;0.000000;0;0.000000;0;0.000000;0;0.000000;0;0.000000;0;0.000000;0;0.000000;0;0.000000;0;0.000000;0;0.000000;0;0.000000;"2015-12-31 11:30:42.000"
"2015-12";6529178;7699105;0;0.000000;0;0.000000;0;0.000000;0;0.000000;0;0.000000;0;0.000000;39;0.000000;5;0.000000;0;0.000000;0;0.000000;0;0.000000;0;0.000000;0;0.000000;0;0.000000;0;0.000000;0;0.000000;0;0.000000;0;0.000000;"2015-12-30 06:00:07.000"
"2015-12";6553217;7720061;0;0.000000;0;0.000000;1;0.000000;0;0.000000;0;0.000000;0;0.000000;0;0.000000;0;0.000000;0;0.000000;0;0.000000;0;0.000000;0;0.000000;0;0.000000;0;0.000000;0;0.000000;0;0.000000;0;0.000000;0;0.000000;"2015-12-15 17:50:56.000"
"2015-12";6574686;7737907;0;0.000000;0;0.000000;0;0.000000;0;0.000000;0;0.000000;0;0.000000;7;0.000000;0;0.000000;0;0.000000;0;0.000000;0;0.000000;0;0.000000;0;0.000000;0;0.000000;0;0.000000;0;0.000000;0;0.000000;0;0.000000;"2015-12-20 16:42:25.000"
"2015-12";6596635;7756603;0;0.000000;0;0.000000;0;0.000000;0;0.000000;0;0.000000;0;0.000000;3;0.000000;0;0.000000;0;0.000000;0;0.000000;2;9600.000000;0;0.000000;0;0.000000;0;0.000000;0;0.000000;0;0.000000;0;0.000000;0;0.000000;"2015-12-11 20:09:02.000"
"2015-12";6618158;7778769;1;0.000000;0;0.000000;0;0.000000;0;0.000000;0;0.000000;0;0.000000;0;0.000000;0;0.000000;0;0.000000;0;0.000000;0;0.000000;0;0.000000;0;0.000000;0;0.000000;0;0.000000;0;0.000000;0;0.000000;0;0.000000;"2015-12-03 12:26:28.000"
"2015-12";6632715;7789059;0;0.000000;0;0.000000;0;0.000000;0;0.000000;0;0.000000;0;0.000000;19;0.000000;7;0.000000;1;0.000000;0;0.000000;0;0.000000;0;0.000000;0;0.000000;0;0.000000;0;0.000000;0;0.000000;0;0.000000;0;0.000000;"2015-12-30 15:49:28.000"
"2015-12";6654832;7805456;0;0.000000;0;0.000000;0;0.000000;0;0.000000;0;0.000000;0;0.000000;12;0.000000;1;0.000000;1;0.000000;0;0.000000;0;0.000000;0;0.000000;0;0.000000;0;0.000000;0;0.000000;0;0.000000;0;0.000000;0;0.000000;"2015-12-10 11:23:48.000"
"2015-12";6679648;7831657;10;0.000000;0;0.000000;6;0.000000;0;0.000000;0;0.000000;0;0.000000;74;0.000000;16;7245.000000;0;0.000000;0;0.000000;0;0.000000;0;0.000000;0;0.000000;0;0.000000;0;0.000000;0;0.000000;0;0.000000;0;0.000000;"2015-12-29 17:45:11.000"
"2015-12";6704203;7853273;0;0.000000;0;0.000000;0;0.000000;52;0.000000;0;0.000000;0;0.000000;0;0.000000;0;0.000000;0;0.000000;0;0.000000;0;0.000000;0;0.000000;0;0.000000;0;0.000000;0;0.000000;0;0.000000;0;0.000000;0;0.000000;"2015-12-31 15:57:30.000"
"2015-12";6737571;7880511;0;0.000000;0;0.000000;0;0.000000;0;0.000000;0;0.000000;0;0.000000;0;0.000000;0;0.000000;0;0.000000;0;0.000000;1;2000.000000;0;0.000000;0;0.000000;0;0.000000;0;0.000000;0;0.000000;0;0.000000;0;0.000000;"2015-12-04 10:36:14.000"
"2015-12";6759354;7902034;0;0.000000;0;0.000000;0;0.000000;0;0.000000;0;0.000000;0;0.000000;93;0.000000;19;0.000000;0;0.000000;0;0.000000;0;0.000000;0;0.000000;0;0.000000;0;0.000000;0;0.000000;0;0.000000;0;0.000000;0;0.000000;"2015-12-31 20:56:09.000"
"2015-12";6789657;7927464;0;0.000000;0;0.000000;0;0.000000;0;0.000000;0;0.000000;0;0.000000;40;0.000000;6;8876.200000;0;0.000000;0;0.000000;0;0.000000;0;0.000000;0;0.000000;0;0.000000;0;0.000000;0;0.000000;0;0.000000;0;0.000000;"2015-12-28 17:18:33.000"
"2015-12";6808314;7942850;0;0.000000;0;0.000000;0;0.000000;0;0.000000;0;0.000000;0;0.000000;11;0.000000;0;0.000000;0;0.000000;0;0.000000;0;0.000000;0;0.000000;0;0.000000;0;0.000000;0;0.000000;0;0.000000;0;0.000000;0;0.000000;"2015-12-14 07:39:25.000"
"2015-12";6828160;7961078;0;0.000000;0;0.000000;0;0.000000;0;0.000000;0;0.000000;0;0.000000;43;0.000000;4;33975.750000;0;0.000000;0;0.000000;0;0.000000;0;0.000000;0;0.000000;0;0.000000;0;0.000000;0;0.000000;0;0.000000;0;0.000000;"2015-12-29 11:35:46.000"
"2015-12";6845552;7975730;0;0.000000;0;0.000000;0;0.000000;0;0.000000;0;0.000000;0;0.000000;74;0.000000;0;0.000000;0;0.000000;0;0.000000;0;0.000000;0;0.000000;0;0.000000;0;0.000000;0;0.000000;0;0.000000;0;0.000000;0;0.000000;"2015-12-31 20:39:23.000"
"2015-12";6861513;7988920;0;0.000000;0;0.000000;0;0.000000;0;0.000000;0;0.000000;0;0.000000;108;0.000000;0;0.000000;15;0.000000;0;0.000000;0;0.000000;0;0.000000;0;0.000000;0;0.000000;0;0.000000;0;0.000000;0;0.000000;0;0.000000;"2015-12-31 06:27:57.000"
"2015-12";6882946;8008982;0;0.000000;0;0.000000;0;0.000000;0;0.000000;0;0.000000;0;0.000000;0;0.000000;0;0.000000;0;0.000000;0;0.000000;0;0.000000;0;0.000000;0;0.000000;0;0.000000;0;0.000000;0;0.000000;0;0.000000;0;0.000000;"2015-12-14 12:02:13.000"
"2015-12";6904948;8029876;3;0.000000;0;0.000000;1;0.000000;0;0.000000;0;0.000000;0;0.000000;85;0.000000;1;1500.000000;2;0.000000;0;0.000000;0;0.000000;0;0.000000;0;0.000000;0;0.000000;0;0.000000;0;0.000000;0;0.000000;0;0.000000;"2015-12-31 08:14:12.000"
"2015-12";6929264;8049570;0;0.000000;0;0.000000;0;0.000000;0;0.000000;0;0.000000;0;0.000000;28;0.000000;7;4724.000000;1;0.000000;0;0.000000;0;0.000000;0;0.000000;0;0.000000;0;0.000000;0;0.000000;0;0.000000;0;0.000000;0;0.000000;"2015-12-30 10:19:43.000"
"2015-12";6949497;8066952;0;0.000000;0;0.000000;0;0.000000;0;0.000000;0;0.000000;0;0.000000;62;0.000000;0;0.000000;0;0.000000;0;0.000000;0;0.000000;0;0.000000;0;0.000000;0;0.000000;0;0.000000;0;0.000000;0;0.000000;0;0.000000;"2015-12-31 11:01:48.000"
"2015-12";6974146;8089387;0;0.000000;0;0.000000;0;0.000000;0;0.000000;0;0.000000;0;0.000000;12;0.000000;1;0.000000;0;0.000000;0;0.000000;0;0.000000;0;0.000000;0;0.000000;0;0.000000;0;0.000000;0;0.000000;0;0.000000;0;0.000000;"2015-12-31 10:28:47.000"
"2015-12";6995574;8108447;0;0.000000;0;0.000000;0;0.000000;0;0.000000;0;0.000000;0;0.000000;30;0.000000;3;56700.000000;0;0.000000;0;0.000000;0;0.000000;0;0.000000;0;0.000000;0;0.000000;0;0.000000;0;0.000000;0;0.000000;0;0.000000;"2015-12-30 16:58:04.000"
"2015-12";7019763;8130278;0;0.000000;0;0.000000;0;0.000000;0;0.000000;0;0.000000;0;0.000000;32;0.000000;0;0.000000;0;0.000000;0;0.000000;0;0.000000;0;0.000000;0;0.000000;0;0.000000;0;0.000000;0;0.000000;0;0.000000;0;0.000000;"2015-12-29 01:47:16.000"
"2015-12";7043273;8152370;0;0.000000;0;0.000000;0;0.000000;0;0.000000;0;0.000000;0;0.000000;21;0.000000;1;889.000000;0;0.000000;0;0.000000;0;0.000000;0;0.000000;0;0.000000;0;0.000000;0;0.000000;0;0.000000;0;0.000000;0;0.000000;"2015-12-28 18:35:53.000"
"2015-12";7143469;8242926;0;0.000000;0;0.000000;0;0.000000;0;0.000000;0;0.000000;0;0.000000;17;0.000000;1;15000.000000;0;0.000000;0;0.000000;0;0.000000;0;0.000000;0;0.000000;0;0.000000;0;0.000000;0;0.000000;0;0.000000;0;0.000000;"2015-12-30 16:30:25.000"
"2015-12";7201856;8300217;0;0.000000;0;0.000000;0;0.000000;0;0.000000;0;0.000000;0;0.000000;3;0.000000;0;0.000000;0;0.000000;0;0.000000;0;0.000000;0;0.000000;0;0.000000;0;0.000000;0;0.000000;0;0.000000;0;0.000000;0;0.000000;"2015-12-09 11:49:45.000"
"2015-12";7235973;8329513;0;0.000000;0;0.000000;0;0.000000;0;0.000000;0;0.000000;0;0.000000;2;0.000000;1;0.000000;0;0.000000;0;0.000000;0;0.000000;0;0.000000;0;0.000000;0;0.000000;0;0.000000;0;0.000000;0;0.000000;0;0.000000;"2015-12-17 07:17:07.000"
"2015-12";7272140;8364137;0;0.000000;0;0.000000;0;0.000000;0;0.000000;0;0.000000;0;0.000000;19;0.000000;2;0.000000;0;0.000000;0;0.000000;0;0.000000;0;0.000000;0;0.000000;0;0.000000;0;0.000000;0;0.000000;0;0.000000;0;0.000000;"2015-12-29 11:03:47.000"
"2015-12";7314775;8403189;3;0.000000;0;0.000000;3;0.000000;1;0.000000;0;0.000000;1;0.000000;0;0.000000;0;0.000000;0;0.000000;0;0.000000;0;0.000000;0;0.000000;0;0.000000;0;0.000000;0;0.000000;0;0.000000;0;0.000000;2;0.000000;"2015-12-31 11:05:46.000"
"2015-12";7351139;8436058;0;0.000000;0;0.000000;1;0.000000;0;0.000000;0;0.000000;0;0.000000;0;0.000000;0;0.000000;0;0.000000;0;0.000000;0;0.000000;0;0.000000;0;0.000000;0;0.000000;0;0.000000;0;0.000000;0;0.000000;0;0.000000;"2015-12-22 14:03:49.000"
"2015-12";7377532;8460774;0;0.000000;0;0.000000;0;0.000000;0;0.000000;0;0.000000;0;0.000000;22;0.000000;7;0.000000;3;0.000000;0;0.000000;0;0.000000;0;0.000000;0;0.000000;0;0.000000;2;0.000000;0;0.000000;0;0.000000;0;0.000000;"2015-12-22 09:56:47.000"
"2015-12";7413918;8493541;0;0.000000;0;0.000000;0;0.000000;0;0.000000;0;0.000000;0;0.000000;2;0.000000;0;0.000000;2;0.000000;0;0.000000;0;0.000000;0;0.000000;0;0.000000;0;0.000000;0;0.000000;0;0.000000;0;0.000000;0;0.000000;"2015-12-01 19:46:02.000"
"2015-12";7445329;8517507;0;0.000000;0;0.000000;0;0.000000;0;0.000000;0;0.000000;0;0.000000;28;0.000000;0;0.000000;0;0.000000;0;0.000000;0;0.000000;0;0.000000;0;0.000000;0;0.000000;0;0.000000;0;0.000000;0;0.000000;0;0.000000;"2015-12-31 12:47:41.000"
"2015-12";7480661;8554341;0;0.000000;0;0.000000;0;0.000000;0;0.000000;0;0.000000;0;0.000000;18;0.000000;2;4200.000000;3;0.000000;0;0.000000;0;0.000000;0;0.000000;0;0.000000;0;0.000000;0;0.000000;0;0.000000;0;0.000000;0;0.000000;"2015-12-29 10:21:41.000"
