Periodo;Cliente_Key;Codigo_Cliente;ATM_Cons_Canales_Cant_Trx;ATM_Cons_Canales_Monto_Trx;ATM_Mone_Canales_Cant_Trx;ATM_Mone_Canales_Monto_Trx;ATM_Sol_Canales_Cant_Trx;ATM_Sol_Canales_Monto_Trx;Ultima_Fecha_Trasaccion;ATM_Cantidad_Extracciones;ATM_Monto_Extracciones
"2015-12";31660;1227699;0;0.000000;6;9300.000000;11;0.000000;21122015;6;9300.000000
"2015-12";56677;1320392;0;0.000000;12;19254.380000;14;0.000000;29122015;6;15000.000000
"2015-12";81985;52756;0;0.000000;13;17501.610000;5;0.000000;29122015;12;17300.000000
"2015-12";104764;64646;0;0.000000;6;15000.000000;2;0.000000;29122015;6;15000.000000
"2015-12";126659;80794;0;0.000000;14;26200.000000;7;0.000000;31122015;14;26200.000000
"2015-12";151514;103863;0;0.000000;3;4700.000000;13;0.000000;29122015;3;4700.000000
"2015-12";179287;51159;0;0.000000;7;13650.000000;4;0.000000;23122015;7;13650.000000
"2015-12";201073;73443;0;0.000000;8;13800.000000;8;0.000000;31122015;8;13800.000000
"2015-12";219725;1045182;0;0.000000;1;200.000000;2;0.000000;19122015;1;200.000000
"2015-12";245590;113419;0;0.000000;21;37344.270000;2;0.000000;23122015;19;36900.000000
"2015-12";276353;1015686;0;0.000000;9;8600.000000;10;0.000000;29122015;9;8600.000000
"2015-12";296844;1135660;0;0.000000;2;3500.000000;0;0.000000;11122015;2;3500.000000
"2015-12";315952;1063367;0;0.000000;9;22300.000000;0;0.000000;28122015;9;22300.000000
"2015-12";333257;1180005;0;0.000000;5;10300.000000;2;0.000000;24122015;5;10300.000000
"2015-12";357443;1114484;0;0.000000;2;4600.000000;4;0.000000;24122015;2;4600.000000
"2015-12";384031;1142228;0;0.000000;9;10462.720000;34;0.000000;30122015;1;1000.000000
"2015-12";403883;1170939;0;0.000000;5;10800.000000;2;0.000000;30122015;5;10800.000000
"2015-12";422045;1288883;0;0.000000;22;53500.000000;9;0.000000;29122015;22;53500.000000
"2015-12";448651;1226381;0;0.000000;6;11400.000000;1;0.000000;27122015;6;11400.000000
"2015-12";477639;1355673;0;0.000000;4;5250.000000;13;0.000000;30122015;4;5250.000000
"2015-12";552301;1420434;0;0.000000;2;515.520000;3;0.000000;2122015;0;0.000000
"2015-12";644953;1383820;0;0.000000;9;9279.560000;57;0.000000;30122015;0;0.000000
"2015-12";743153;1493300;0;0.000000;2;5500.000000;2;0.000000;16122015;2;5500.000000
"2015-12";841198;1711946;0;0.000000;4;9300.000000;1;0.000000;29122015;4;9300.000000
"2015-12";891487;1761900;0;0.000000;5;4500.000000;1;0.000000;20122015;5;4500.000000
"2015-12";931666;1802599;0;0.000000;8;7400.000000;12;0.000000;30122015;8;7400.000000
"2015-12";980984;1852076;0;0.000000;2;3500.000000;8;0.000000;30122015;2;3500.000000
"2015-12";1029200;1899998;0;0.000000;4;10500.000000;6;0.000000;29122015;4;10500.000000
"2015-12";1077025;1947721;0;0.000000;2;5000.000000;3;0.000000;29122015;2;5000.000000
"2015-12";1119144;1990123;0;0.000000;3;6200.000000;2;0.000000;11122015;3;6200.000000
"2015-12";1179727;2050726;0;0.000000;0;0.000000;3;0.000000;30122015;0;0.000000
"2015-12";1234463;2105493;0;0.000000;0;0.000000;3;0.000000;24122015;0;0.000000
"2015-12";1273822;2144885;0;0.000000;8;11700.000000;9;0.000000;30122015;6;2800.000000
"2015-12";1314478;2185517;0;0.000000;0;0.000000;6;0.000000;17122015;0;0.000000
"2015-12";1348973;2221316;0;0.000000;2;6000.000000;6;0.000000;26122015;2;6000.000000
"2015-12";1385930;2257352;0;0.000000;4;9600.000000;4;0.000000;16122015;4;9600.000000
"2015-12";1421938;2294041;0;0.000000;3;4000.000000;5;0.000000;25122015;3;4000.000000
"2015-12";1459870;2332503;0;0.000000;1;1700.000000;3;0.000000;22122015;1;1700.000000
"2015-12";1495986;2369419;0;0.000000;6;9000.000000;4;0.000000;17122015;6;9000.000000
"2015-12";1531481;2405496;0;0.000000;7;19500.000000;5;0.000000;30122015;6;13500.000000
"2015-12";1571609;2790463;0;0.000000;2;5400.000000;3;0.000000;16122015;2;5400.000000
"2015-12";1636112;2456071;0;0.000000;9;20000.000000;4;0.000000;26122015;9;20000.000000
"2015-12";1701862;2531287;0;0.000000;3;3356.110000;11;0.000000;28122015;0;0.000000
"2015-12";1766018;2604786;0;0.000000;4;6100.000000;23;0.000000;17122015;1;1500.000000
"2015-12";1831719;2680873;0;0.000000;5;10000.000000;9;0.000000;23122015;5;10000.000000
"2015-12";1895788;2752367;0;0.000000;0;0.000000;2;0.000000;19122015;0;0.000000
"2015-12";1960932;2826059;0;0.000000;10;20000.000000;5;0.000000;31122015;10;20000.000000
"2015-12";2027102;2900468;0;0.000000;19;18554.080000;11;0.000000;30122015;17;17400.000000
"2015-12";2091573;2973490;0;0.000000;2;5000.000000;2;0.000000;27122015;2;5000.000000
"2015-12";2172542;3047988;0;0.000000;8;15350.000000;2;0.000000;22122015;7;15300.000000
"2015-12";2215533;3091168;0;0.000000;4;53.000000;38;0.000000;31122015;0;0.000000
"2015-12";2260298;3138115;0;0.000000;2;5700.000000;7;0.000000;22122015;2;5700.000000
"2015-12";2304699;3182799;0;0.000000;3;5600.000000;3;0.000000;8122015;3;5600.000000
"2015-12";2347427;3226544;0;0.000000;3;900.000000;0;0.000000;21122015;3;900.000000
"2015-12";2387359;3267196;0;0.000000;1;1000.000000;1;0.000000;16122015;1;1000.000000
"2015-12";2900336;3307060;0;0.000000;3;5500.000000;2;0.000000;31122015;3;5500.000000
"2015-12";2956368;3352545;0;0.000000;0;0.000000;1;0.000000;18122015;0;0.000000
"2015-12";3013304;3397363;0;0.000000;5;10700.000000;2;0.000000;18122015;5;10700.000000
"2015-12";3061826;3435810;0;0.000000;2;3500.000000;2;0.000000;18122015;2;3500.000000
"2015-12";3104134;3471723;0;0.000000;2;6000.000000;1;0.000000;12122015;2;6000.000000
"2015-12";3162766;5067734;0;0.000000;4;4600.000000;4;0.000000;30122015;4;4600.000000
"2015-12";3215800;5140493;0;0.000000;6;14900.000000;1;0.000000;31122015;6;14900.000000
"2015-12";3264375;5215121;0;0.000000;6;14000.000000;0;0.000000;27122015;6;14000.000000
"2015-12";3313456;5277541;0;0.000000;4;11000.000000;16;0.000000;30122015;4;11000.000000
"2015-12";3377319;5386945;0;0.000000;1;3000.000000;2;0.000000;6122015;1;3000.000000
"2015-12";3443979;5475261;0;0.000000;3;6300.000000;1;0.000000;21122015;3;6300.000000
"2015-12";3509139;5224491;0;0.000000;6;11400.000000;4;0.000000;30122015;6;11400.000000
"2015-12";3567941;5423233;0;0.000000;11;7988.540000;9;0.000000;26122015;3;6000.000000
"2015-12";3633275;5543578;0;0.000000;7;18700.000000;5;0.000000;25122015;7;18700.000000
"2015-12";3666138;5583004;0;0.000000;7;15000.000000;7;0.000000;29122015;7;15000.000000
"2015-12";3688021;5597187;0;0.000000;1;3000.000000;1;0.000000;9122015;1;3000.000000
"2015-12";3736670;5651834;0;0.000000;1;700.000000;3;0.000000;29122015;1;700.000000
"2015-12";3777924;5627587;0;0.000000;5;5400.000000;4;0.000000;30122015;5;5400.000000
"2015-12";3818914;5704023;0;0.000000;2;2300.000000;1;0.000000;28122015;2;2300.000000
"2015-12";3857239;5769425;0;0.000000;1;700.000000;2;0.000000;27122015;1;700.000000
"2015-12";3884985;5798012;0;0.000000;4;8500.000000;0;0.000000;15122015;4;8500.000000
"2015-12";3910619;5814731;0;0.000000;5;2000.000000;1;0.000000;30122015;5;2000.000000
"2015-12";3937527;5847566;0;0.000000;3;5100.000000;1;0.000000;1122015;3;5100.000000
"2015-12";3965372;5877426;0;0.000000;0;0.000000;2;0.000000;27122015;0;0.000000
"2015-12";4002380;5914167;0;0.000000;5;6000.000000;5;0.000000;19122015;5;6000.000000
"2015-12";4041931;5953924;0;0.000000;4;4250.000000;2;0.000000;30122015;4;4250.000000
"2015-12";4076819;5989128;0;0.000000;11;6978.330000;14;0.000000;29122015;3;1800.000000
"2015-12";4116841;6029809;0;0.000000;1;3000.000000;1;0.000000;15122015;1;3000.000000
"2015-12";4154022;6067495;0;0.000000;0;0.000000;4;0.000000;23122015;0;0.000000
"2015-12";4195882;6109014;0;0.000000;2;5000.000000;3;0.000000;29122015;2;5000.000000
"2015-12";4256751;6172036;0;0.000000;7;18948.000000;58;0.000000;22122015;6;13250.000000
"2015-12";4518670;6544224;0;0.000000;1;2000.000000;3;0.000000;11122015;1;2000.000000
"2015-12";4557233;6585605;0;0.000000;4;3200.000000;5;0.000000;29122015;4;3200.000000
"2015-12";4725511;6623783;0;0.000000;5;4800.000000;2;0.000000;21122015;5;4800.000000
"2015-12";5331624;6676373;0;0.000000;0;0.000000;2;0.000000;26122015;0;0.000000
"2015-12";5371887;6708712;0;0.000000;1;700.000000;3;0.000000;17122015;1;700.000000
"2015-12";5412135;6744411;0;0.000000;6;9840.000000;6;0.000000;23122015;5;9800.000000
"2015-12";5471914;6799052;0;0.000000;1;3000.000000;1;0.000000;15122015;1;3000.000000
"2015-12";5514045;6836328;0;0.000000;1;700.000000;1;0.000000;5122015;1;700.000000
"2015-12";5552577;6869223;0;0.000000;4;4900.000000;9;0.000000;31122015;4;4900.000000
"2015-12";5589512;6903173;0;0.000000;3;5250.000000;3;0.000000;28122015;3;5250.000000
"2015-12";5632050;6940985;0;0.000000;0;0.000000;3;0.000000;26122015;0;0.000000
"2015-12";5671709;6978175;0;0.000000;0;0.000000;1;0.000000;21122015;0;0.000000
"2015-12";5697361;6994954;0;0.000000;3;4400.000000;4;0.000000;29122015;3;4400.000000
"2015-12";5719647;7035184;0;0.000000;3;6100.000000;2;0.000000;11122015;3;6100.000000
"2015-12";5742362;7040920;0;0.000000;4;4300.000000;8;0.000000;29122015;4;4300.000000
"2015-12";5854440;7104391;0;0.000000;2;5600.000000;1;0.000000;19122015;2;5600.000000
"2015-12";5889742;7134884;0;0.000000;2;1800.000000;3;0.000000;30122015;2;1800.000000
"2015-12";5962636;7202326;0;0.000000;10;10700.000000;9;0.000000;29122015;10;10700.000000
"2015-12";6000207;7235408;0;0.000000;3;5900.000000;4;0.000000;31122015;3;5900.000000
"2015-12";6046547;7275259;0;0.000000;17;29500.000000;6;0.000000;26122015;17;29500.000000
"2015-12";6089296;7313761;0;0.000000;6;8950.000000;8;0.000000;31122015;6;8950.000000
"2015-12";6134724;7352792;0;0.000000;6;14400.000000;81;0.000000;31122015;6;14400.000000
"2015-12";6181798;7394623;0;0.000000;2;3500.000000;2;0.000000;21122015;2;3500.000000
"2015-12";6229568;7439035;0;0.000000;4;4840.000000;11;0.000000;30122015;3;4800.000000
"2015-12";6270013;7474144;0;0.000000;9;9100.000000;1;0.000000;18122015;9;9100.000000
"2015-12";6310483;7509797;0;0.000000;1;3300.000000;0;0.000000;9122015;0;0.000000
"2015-12";6353904;7547738;0;0.000000;4;7900.000000;8;0.000000;19122015;4;7900.000000
"2015-12";6396178;7585910;0;0.000000;4;10800.000000;2;0.000000;29122015;4;10800.000000
"2015-12";6441862;7626279;0;0.000000;4;6300.000000;1;0.000000;31122015;4;6300.000000
"2015-12";6464335;7648740;0;0.000000;1;300.000000;1;0.000000;26122015;1;300.000000
"2015-12";6511081;7683462;0;0.000000;12;14100.000000;3;0.000000;28122015;12;14100.000000
"2015-12";6558176;7724637;0;0.000000;3;1400.000000;16;0.000000;18122015;3;1400.000000
"2015-12";6594756;7757620;0;0.000000;2;1000.000000;4;0.000000;30122015;2;1000.000000
"2015-12";6634567;7792171;0;0.000000;5;4000.000000;6;0.000000;30122015;5;4000.000000
"2015-12";6666546;7819936;0;0.000000;1;500.000000;1;0.000000;21122015;1;500.000000
"2015-12";6698985;7849383;0;0.000000;2;1200.000000;0;0.000000;23122015;2;1200.000000
"2015-12";6723389;7871891;0;0.000000;2;3600.000000;1;0.000000;29122015;2;3600.000000
"2015-12";6754320;7896032;0;0.000000;2;1400.000000;11;0.000000;28122015;2;1400.000000
"2015-12";6796528;7933760;0;0.000000;4;7100.000000;4;0.000000;29122015;4;7100.000000
"2015-12";6839697;7971048;0;0.000000;2;1350.000000;3;0.000000;28122015;2;1350.000000
"2015-12";6886133;8011343;0;0.000000;4;10300.000000;16;0.000000;23122015;4;10300.000000
"2015-12";6934895;8054422;0;0.000000;1;100.000000;8;0.000000;25122015;1;100.000000
"2015-12";6977511;8093016;0;0.000000;8;20500.000000;2;0.000000;23122015;8;20500.000000
"2015-12";7019790;8131160;0;0.000000;13;31700.000000;2;0.000000;23122015;13;31700.000000
"2015-12";7055299;8160858;0;0.000000;3;1000.000000;4;0.000000;30122015;3;1000.000000
"2015-12";7122431;8236934;0;0.000000;0;0.000000;1;0.000000;11122015;0;0.000000
"2015-12";7205564;8302781;0;0.000000;8;5500.000000;2;0.000000;28122015;8;5500.000000
"2015-12";7230093;8324133;0;0.000000;20;10150.000000;26;0.000000;29122015;17;9800.000000
"2015-12";7260016;8351290;0;0.000000;1;700.000000;0;0.000000;10122015;1;700.000000
"2015-12";7303730;8394592;0;0.000000;3;1300.000000;4;0.000000;29122015;3;1300.000000
"2015-12";7333798;8419480;0;0.000000;1;3000.000000;1;0.000000;2122015;1;3000.000000
"2015-12";7366641;8452567;0;0.000000;4;6500.000000;0;0.000000;22122015;4;6500.000000
"2015-12";7405210;8488605;0;0.000000;2;700.000000;2;0.000000;15122015;2;700.000000
"2015-12";7439206;8514713;0;0.000000;15;17300.000000;17;0.000000;25122015;15;17300.000000
"2015-12";7472662;8545793;0;0.000000;2;900.000000;3;0.000000;28122015;2;900.000000
